14
-0.9862838086968123 
-0.9284348836635735 
-0.827201315069765 
-0.6872929048116855 
-0.5152486363581541 
-0.31911236892788974 
-0.10805494870734367 
0.10805494870734367 
0.31911236892788974 
0.5152486363581541 
0.6872929048116855 
0.827201315069765 
0.9284348836635735 
0.9862838086968123 
0.035119460331752374
0.0801580871597603
0.12151857068790296
0.1572031671581934
0.18553839747793763
0.20519846372129555
0.21526385346315766
0.21526385346315766
0.20519846372129555
0.18553839747793763
0.1572031671581934
0.12151857068790296
0.0801580871597603
0.035119460331752374
