13
-0.9841830547185881 
-0.9175983992229779 
-0.8015780907333099 
-0.6423493394403402 
-0.4484927510364468 
-0.23045831595513477 
0.0 
0.23045831595513477 
0.4484927510364468 
0.6423493394403402 
0.8015780907333099 
0.9175983992229779 
0.9841830547185881 
0.04048400476531588
0.0921214998377286
0.13887351021978736
0.17814598076194552
0.20781604753688857
0.22628318026289715
0.2325515532308739
0.22628318026289715
0.20781604753688857
0.17814598076194552
0.13887351021978736
0.0921214998377286
0.04048400476531588
