15
-0.9879925180204854 
-0.937273392400706 
-0.8482065834104272 
-0.7244177313601701 
-0.5709721726085388 
-0.3941513470775634 
-0.20119409399743451 
0.0 
0.20119409399743451 
0.3941513470775634 
0.5709721726085388 
0.7244177313601701 
0.8482065834104272 
0.937273392400706 
0.9879925180204854 
0.030753241996118647
0.07036604748810807
0.10715922046717177
0.1395706779261539
0.16626920581699378
0.18616100001556188
0.19843148532711125
0.2025782419255609
0.19843148532711125
0.18616100001556188
0.16626920581699378
0.1395706779261539
0.10715922046717177
0.07036604748810807
0.030753241996118647
