49
0.12997822993307806 0.12997822993307784 
0.7400435401338441 0.12997822993307784 
0.12997822993307762 0.7400435401338449 
0.33333333333333326 0.3333333333333335 
0.4600769492970598 0.07984610140588044 
0.46007694929705967 0.4600769492970598 
0.07984610140588067 0.4600769492970598 
0.18232178340719118 0.08459422148219176 
0.7330839951106168 0.1823217834071914 
0.08459422148219198 0.7330839951106168 
0.7330839951106172 0.08459422148219176 
0.18232178340719118 0.7330839951106175 
0.08459422148219187 0.1823217834071914 
0.15020038406523878 0.016027089786345483 
0.8337725261484163 0.1502003840652384 
0.016027089786345483 0.8337725261484161 
0.8337725261484158 0.016027089786345483 
0.15020038406523895 0.8337725261484161 
0.016027089786345483 0.150200384065239 
0.3231113151637128 0.09765044243024251 
0.5792382424060452 0.3231113151637127 
0.09765044243024235 0.5792382424060453 
0.5792382424060447 0.09765044243024251 
0.3231113151637124 0.5792382424060453 
0.09765044243024201 0.32311131516371294 
0.4916858166302973 0.016628366739405487 
0.4916858166302972 0.4916858166302976 
0.016628366739405265 0.4916858166302976 
0.22153234079514195 0.22153234079514217 
0.5569353184097159 0.22153234079514217 
0.22153234079514184 0.5569353184097162 
0.39693373740906046 0.2061325251818792 
0.3969337374090608 0.39693373740906046 
0.20613252518187852 0.396933737409061 
0.3079476814836728 0.018454251904633345 
0.6735980666116941 0.30794768148367285 
0.018454251904633234 0.6735980666116945 
0.6735980666116939 0.018454251904633345 
0.3079476814836728 0.6735980666116945 
0.018454251904633012 0.3079476814836731 
0.05634191769610075 0.05634191769609964 
0.8873161646077999 0.05634191769610031 
0.056341917696099975 0.8873161646078 
0.03803522930110925 0.0011135352740135884 
0.9608512354248769 0.03803522930110925 
0.0011135352740127002 0.9608512354248796 
0.9608512354248773 0.0011135352740135884 
0.03803522930110814 0.9608512354248796 
0.0011135352740139215 0.03803522930110925 
0.0036987520335230646
0.0036987520335230646
0.0036987520335230646
0.014865209874035654
0.010797043968219235
0.010797043968219235
0.010797043968219235
0.012115004391562805
0.012115004391562805
0.012115004391562805
0.012115004391562805
0.012115004391562805
0.012115004391562805
0.005614252149439044
0.005614252149439044
0.005614252149439044
0.005614252149439044
0.005614252149439044
0.005614252149439044
0.015537610235255477
0.015537610235255477
0.015537610235255477
0.015537610235255477
0.015537610235255477
0.015537610235255477
0.007916138175010901
0.007916138175010901
0.007916138175010901
0.02314364305259904
0.02314364305259904
0.02314364305259904
0.023168020695603614
0.023168020695603614
0.023168020695603614
0.008218381046413958
0.008218381046413958
0.008218381046413958
0.008218381046413958
0.008218381046413958
0.008218381046413958
0.0075422371237985255
0.0075422371237985255
0.0075422371237985255
0.0012376330072789597
0.0012376330072789597
0.0012376330072789597
0.0012376330072789597
0.0012376330072789597
0.0012376330072789597
