37
0.4961358947410461 0.007728210517907952 
0.49613589474104586 0.49613589474104636 
0.007728210517907841 0.49613589474104636 
0.46960868965349184 0.06078262069301632 
0.4696086896534921 0.46960868965349184 
0.060782620693015765 0.46960868965349245 
0.23111028494908253 0.23111028494908198 
0.5377794301018353 0.23111028494908253 
0.23111028494908226 0.5377794301018355 
0.29207868857663666 0.018988004383758694 
0.6889333070396048 0.29207868857663644 
0.01898800438375914 0.6889333070396049 
0.6889333070396046 0.018988004383758694 
0.2920786885766366 0.6889333070396049 
0.018988004383758694 0.29207868857663677 
0.33333333333333326 0.3333333333333335 
0.26674525331035126 0.09773603106601647 
0.6355187156236324 0.2667452533103513 
0.09773603106601658 0.6355187156236328 
0.6355187156236323 0.09773603106601647 
0.26674525331035137 0.6355187156236323 
0.09773603106601636 0.2667452533103513 
0.4144775702790544 0.17104485944189118 
0.41447757027905463 0.41447757027905474 
0.17104485944189063 0.41447757027905474 
0.1135599125721336 0.11355991257213283 
0.7728801748557338 0.11355991257213338 
0.1135599125721331 0.7728801748557338 
0.12679977578383744 0.021966344206529098 
0.8512338800096334 0.12679977578383717 
0.02196634420652921 0.8512338800096337 
0.8512338800096335 0.021966344206529098 
0.12679977578383717 0.8512338800096337 
0.02196634420652921 0.12679977578383772 
0.024895931491216383 0.024895931491216383 
0.9502081370175673 0.024895931491216383 
0.024895931491216383 0.9502081370175673 
0.004970738180536301
0.004970738180536301
0.004970738180536301
0.016390620801861475
0.016390620801861475
0.016390620801861475
0.023031204796389138
0.023031204796389138
0.023031204796389138
0.009062749323100434
0.009062749323100434
0.009062749323100434
0.009062749323100434
0.009062749323100434
0.009062749323100434
0.025811323332145406
0.01860598022863078
0.01860598022863078
0.01860598022863078
0.01860598022863078
0.01860598022863078
0.01860598022863078
0.023473547771077585
0.023473547771077585
0.023473547771077585
0.015451548987879902
0.015451548987879902
0.015451548987879902
0.0076965363418910766
0.0076965363418910766
0.0076965363418910766
0.0076965363418910766
0.0076965363418910766
0.0076965363418910766
0.004014699897629204
0.004014699897629204
0.004014699897629204
