25
0.49517345980117045 0.009653080397659108 
0.4951734598011701 0.4951734598011708 
0.009653080397659108 0.4951734598011708 
0.019139415242841573 0.019139415242840907 
0.9617211695143172 0.019139415242841573 
0.019139415242842128 0.9617211695143159 
0.13373475510086918 0.03472362048232758 
0.8315416244168033 0.1337347551008693 
0.034723620482327466 0.8315416244168037 
0.8315416244168032 0.03472362048232758 
0.13373475510086918 0.8315416244168037 
0.034723620482327355 0.1337347551008693 
0.33333333333333326 0.3333333333333335 
0.3266931362813373 0.0375827273411915 
0.6357241363774715 0.326693136281337 
0.037582727341191724 0.6357241363774716 
0.6357241363774713 0.0375827273411915 
0.32669313628133667 0.6357241363774716 
0.03758272734119139 0.3266931362813372 
0.18448501268524675 0.18448501268524647 
0.6310299746295068 0.18448501268524647 
0.18448501268524647 0.631029974629507 
0.4282348209437189 0.14353035811256232 
0.4282348209437191 0.42823482094371884 
0.1435303581125621 0.42823482094371884 
0.004896295249209142
0.004896295249209142
0.004896295249209142
0.0031926796150593276
0.0031926796150593276
0.0031926796150593276
0.014481140731628182
0.014481140731628182
0.014481140731628182
0.014481140731628182
0.014481140731628182
0.014481140731628182
0.04180743718698704
0.01936952454300945
0.01936952454300945
0.01936952454300945
0.01936952454300945
0.01936952454300945
0.01936952454300945
0.03931688487318867
0.03931688487318867
0.03931688487318867
0.03762366398427206
0.03762366398427206
0.03762366398427206
