33
0.27146250701492597 0.2714625070149261 
0.45707498597014795 0.2714625070149261 
0.2714625070149261 0.45707498597014784 
0.10925782765935438 0.10925782765935421 
0.7814843446812915 0.10925782765935421 
0.10925782765935421 0.7814843446812916 
0.4401116486585932 0.11977670268281371 
0.44011164865859276 0.4401116486585935 
0.11977670268281382 0.4401116486585935 
0.25545422863851724 0.11629601967792658 
0.6282497516835562 0.25545422863851747 
0.11629601967792624 0.6282497516835566 
0.6282497516835562 0.11629601967792658 
0.2554542286385172 0.6282497516835566 
0.1162960196779263 0.25545422863851747 
0.12727971723358927 0.02138249025617045 
0.8513377925102399 0.12727971723358933 
0.021382490256170894 0.8513377925102402 
0.8513377925102403 0.02138249025617045 
0.12727971723358944 0.8513377925102402 
0.02138249025617034 0.12727971723358933 
0.2916556797383411 0.023034156355266844 
0.6853101639063921 0.29165567973834094 
0.023034156355267066 0.685310163906392 
0.6853101639063921 0.023034156355266844 
0.291655679738341 0.685310163906392 
0.023034156355266844 0.2916556797383413 
0.4882037509455415 0.02359249810891695 
0.4882037509455416 0.48820375094554186 
0.023592498108916615 0.48820375094554186 
0.02464636343633586 0.024646363436335417 
0.9507072731273288 0.024646363436335417 
0.024646363436335417 0.9507072731273293 
0.03127060659795147
0.03127060659795147
0.03127060659795147
0.014243026034438763
0.014243026034438763
0.014243026034438763
0.024959167464030457
0.024959167464030457
0.024959167464030457
0.0216136818297071
0.0216136818297071
0.0216136818297071
0.0216136818297071
0.0216136818297071
0.0216136818297071
0.007541838788255719
0.007541838788255719
0.007541838788255719
0.007541838788255719
0.007541838788255719
0.007541838788255719
0.01089179251930377
0.01089179251930377
0.01089179251930377
0.01089179251930377
0.01089179251930377
0.01089179251930377
0.012133419040726024
0.012133419040726024
0.012133419040726024
0.003965821254986826
0.003965821254986826
0.003965821254986826
