12
0.2194299825497832 0.2194299825497827 
0.5611400349004338 0.21942998254978324 
0.21942998254978296 0.5611400349004341 
0.4801379641122151 0.0397240717755698 
0.480137964112215 0.4801379641122151 
0.039724071775569914 0.4801379641122151 
0.14161901592396814 0.019371724361240683 
0.839009259714791 0.1416190159239682 
0.019371724361240683 0.8390092597147918 
0.8390092597147912 0.019371724361240683 
0.14161901592396814 0.8390092597147918 
0.019371724361240905 0.1416190159239682 
0.08566656207649066
0.08566656207649066
0.08566656207649066
0.040365544796515586
0.040365544796515586
0.040365544796515586
0.02031727989683034
0.02031727989683034
0.02031727989683034
0.02031727989683034
0.02031727989683034
0.02031727989683034
