16
0.17056930775176038 0.17056930775176027 
0.6588613844964794 0.17056930775176027 
0.17056930775175994 0.6588613844964801 
0.459292588292723 0.08141482341455397 
0.459292588292723 0.459292588292723 
0.08141482341455375 0.4592925882927236 
0.33333333333333326 0.3333333333333335 
0.05054722831703107 0.050547228317030846 
0.8989055433659381 0.050547228317030846 
0.050547228317030846 0.8989055433659383 
0.26311282963463833 0.008394777409957421 
0.7284923929554044 0.26311282963463833 
0.008394777409957532 0.7284923929554049 
0.7284923929554044 0.008394777409957421 
0.26311282963463833 0.7284923929554044 
0.00839477740995731 0.26311282963463833 
0.05160868526735919
0.05160868526735919
0.05160868526735919
0.04754581713364242
0.04754581713364242
0.04754581713364242
0.07215780383889372
0.016229248811599036
0.016229248811599036
0.016229248811599036
0.013615157087217505
0.013615157087217505
0.013615157087217505
0.013615157087217505
0.013615157087217505
0.013615157087217505
