95
0.11602308185442489 0.7288732494846533 0.13559236457549395 
0.01951130408545615 0.11602308185431132 0.13559236457547252 
0.7288732494841443 0.019511304085399583 0.13559236457610568 
0.00762104076479353 0.473392726282396 0.5068373557636203 
0.012148877189292195 0.007621040764693887 0.5068373557640637 
0.473392726283015 0.012148877189241902 0.506837355763665 
0.36334752569690093 0.01688864018976821 0.280802863730816 
0.33896097038214285 0.3633475256976238 0.28080286373039454 
0.01688864018974734 0.33896097038207235 0.280802863730256 
0.01730489583762229 0.6808607451345954 0.15777939673164393 
0.14405496229637949 0.017304895837487733 0.15777939673188035 
0.680860745134503 0.144054962296286 0.15777939673174624 
0.14299464016654806 0.47418212864585463 0.14434886650329914 
0.2384743646845936 0.14299464016643398 0.14434886650293477 
0.4741821286455785 0.23847436468424638 0.14434886650384965 
0.017798389792362923 0.811198981443021 0.1452959108856613 
0.02570671787901091 0.017798389792310965 0.14529591088556332 
0.8111989814422269 0.02570671787902279 0.1452959108864053 
0.029517742503273714 0.49450206212740444 0.2969980096590331 
0.17898218570986296 0.029517742503528344 0.29699800965945466 
0.4945020621265335 0.17898218570925367 0.2969980096607453 
0.26899330170848906 0.5563518694315875 0.022189213229992344 
0.15246561562986444 0.2689933017087768 0.022189213230019322 
0.5563518694313632 0.15246561562987854 0.02218921323010936 
0.02723844389723029 0.12133819923365236 0.822137157904796 
0.029286198964183052 0.027238443897311004 0.8221371579049448 
0.12133819923719935 0.029286198964527665 0.822137157900739 
0.544675004555141 0.029602725867073576 0.22788272251122543 
0.1978395470660404 0.5446750045559756 0.2278827225108745 
0.029602725867036606 0.19783954706630108 0.2278827225106128 
0.011867433748394607 0.8283411311394431 0.033492028621949776 
0.1262994064902866 0.0118674337485698 0.03349202862190814 
0.8283411311393324 0.1262994064902887 0.03349202862186651 
0.0322988133183324 0.49848205033239057 0.13205006627164467 
0.33716907007769203 0.03229881331828344 0.1320500662715865 
0.49848205033291954 0.33716907007716884 0.13205006627164406 
0.5566694034766595 0.01942383515148005 0.0774013887211521 
0.34650537265091935 0.5566694034765997 0.07740138872102775 
0.019423835151550883 0.3465053726511216 0.07740138872070867 
0.09328386025279922 0.737515826090928 0.01187574741300823 
0.15732456624323254 0.09328386025323454 0.01187574741303643 
0.7375158260902059 0.15732456624296454 0.011875747413677584 
0.033889506670750025 0.2801664445453317 0.6575245517602717 
0.028419497023636164 0.0338895066708349 0.6575245517604836 
0.2801664445485927 0.028419497023285556 0.657524551757306 
0.31077442366918473 0.12754562736156472 0.2609901451138755 
0.30068980385439914 0.3107744236696467 0.26099014511448404 
0.1275456273614466 0.30068980385496985 0.2609901451138209 
0.2864949113775318 0.4910880526178665 0.11082033247164991 
0.11159670353313567 0.2864949113772423 0.11082033247153544 
0.4910880526179629 0.11159670353301332 0.11082033247176692 
0.1255361131668397 0.4601113046750215 0.29947038537617576 
0.11488219678178335 0.12553611316728208 0.2994703853758982 
0.46011130467333206 0.11488219678149486 0.299470385377665 
0.2500532412374493 0.04060424219112391 0.4585809066512888 
0.2507616099201165 0.25005324123763345 0.4585809066512545 
0.04060424219100578 0.25076160992090646 0.45858090665039286 
0.02344611593205037 0.635319477206719 0.03266098604008427 
0.3085734208211991 0.02344611593211149 0.03266098603998935 
0.6353194772067753 0.3085734208212339 0.032660986039900586 
0.0902935356263499 0.3090936802365318 0.5079960391138476 
0.09261674502301914 0.09029353562658443 0.5079960391137062 
0.30909368023533035 0.09261674502310302 0.5079960391158372 
0.10023547459868565 0.6778351364538199 0.10117813530851583 
0.12075125363903061 0.10023547459853438 0.10117813530867448 
0.6778351364529376 0.12075125363867523 0.10117813530979752 
0.15492858740134485 0.012160089235342675 0.6749562807649696 
0.15795504259793852 0.15492858740173532 0.6749562807650455 
0.012160089235160876 0.15795504259864224 0.674956280764345 
0.13810694191731232 0.49369562707905945 0.032736634172222 
0.33546079683154306 0.13810694191741302 0.0327366341721369 
0.4936956270789276 0.33546079683143365 0.032736634172201184 
0.11689819669336698 0.4226210458990461 0.4504683351504458 
0.01001242225711696 0.11689819669338869 0.45046833515040235 
0.42262104589872845 0.01001242225693233 0.45046833515078877 
0.1055219304213616 0.0060725783891619756 0.48254715247387375 
0.4058583387143239 0.10552193042126362 0.4825471524757855 
0.006072578389145544 0.40585833871603993 0.48254715247363733 
0.03884286462496045 0.9066200210889223 0.027912602122096786 
0.026624512164000302 0.038842864624955786 0.02791260212206559 
0.9066200210888384 0.0266245121640048 0.02791260212224622 
0.1851613866917053 0.7570556764755155 0.02607843400608595 
0.031704502826692016 0.1851613866916736 0.026078434006099438 
0.7570556764755849 0.031704502826690906 0.026078434006199247 
0.03707747991970334 0.613355585987273 0.3147249103897943 
0.03484202370319467 0.03707747991972066 0.314724910389817 
0.6133555859856407 0.03484202370321743 0.3147249103913522 
0.5280535337863633 0.03413212384056502 0.0041249745082718725 
0.4336893678650324 0.5280535337860731 0.0041249745082621025 
0.03413212384063702 0.43368936786546924 0.00412497450795285 
0.02174356162123492 0.021743561619746554 0.9347693151393625 
0.11396953481160854 0.11396953481236838 0.6580913955636911 
0.3277711127240468 0.32777111272420667 0.016686661827580274 
0.2960084699134847 0.29600846991347096 0.11197459025968703 
0.19682686450448994 0.19682686450445364 0.40951940648642665 
0.00106215421722562
0.0010621542172265196
0.001062154217228549
0.00024392157839704982
0.00024392157839779762
0.0002439215783870814
0.0016274985904981998
0.0016274985905059356
0.0016274985904939977
0.0011697598043740871
0.0011697598043717678
0.0011697598043711173
0.0032819671821101796
0.0032819671821037446
0.0032819671821298015
0.0005279920426308861
0.0005279920426308738
0.0005279920426343422
0.0019496326390220984
0.0019496326390307072
0.0019496326390484558
0.0018737072129858272
0.0018737072129849962
0.001873707212991325
0.0007232685232705272
0.000723268523269129
0.0007232685232867022
0.002071504124724804
0.0020715041247253343
0.0020715041247229833
0.00044265447988536745
0.0004426544798888782
0.0004426544798871176
0.0021498066057814525
0.002149806605780657
0.002149806605784688
0.0013841486140259744
0.001384148614025619
0.0013841486140304343
0.0008570829478892288
0.0008570829478907703
0.0008570829479115876
0.001055662996989174
0.0010556629969899023
0.0010556629969665661
0.004597380383431184
0.004597380383432085
0.0045973803834333405
0.0033417252382157855
0.003341725238208396
0.0033417252382101814
0.0036081871202102984
0.0036081871202086543
0.0036081871202163092
0.002892887715359873
0.002892887715348577
0.0028928877153538623
0.001012868128252092
0.0010128681282524034
0.0010128681282489704
0.0029018056586777034
0.0029018056586802314
0.002901805658674079
0.0025340992258323183
0.0025340992258333964
0.0025340992258317883
0.0012002940735026386
0.0012002940734978198
0.0012002940734976606
0.0025971204712192737
0.0025971204712147834
0.0025971204712212713
0.0012042571262568936
0.0012042571262564923
0.001204257126245663
0.0008522585433649743
0.0008522585433395237
0.0008522585433632012
0.00046562748965351406
0.000465627489652738
0.00046562748965519164
0.0010128422505929528
0.00101284225059305
0.0010128422505964068
0.001505155768194356
0.0015051557681955209
0.001505155768201664
0.0005450543594640892
0.0005450543594635429
0.0005450543594569916
0.00018520507764804153
0.0029993712524892507
0.0019395846640396246
0.004960765552103518
0.004504764784266663
