177
0.07162380480079733 0.21536932251427965 0.06614078429994585 
0.6468660883848494 0.0716238048001564 0.0661407842993249 
0.21536932251507912 0.6468660883845436 0.06614078429928016 
0.24032632597437198 0.08400311873016891 0.10503653090557019 
0.5706340243897189 0.2403263259718612 0.10503653090825305 
0.08400311872986543 0.5706340243899415 0.10503653090737675 
0.014555376263079955 0.7220074978408388 0.2431115808345355 
0.020325545061407657 0.01455537626344433 0.24311158083562945 
0.7220074978401069 0.020325545061458672 0.2431115808353706 
0.012529059808040977 0.5497595632204098 0.12194064612228628 
0.3157707308500685 0.012529059808103593 0.12194064612155942 
0.5497595632185667 0.31577073085129637 0.12194064612202726 
0.3845620968650356 0.5175135257172314 0.012946333151848455 
0.0849780442656663 0.38456209686477216 0.01294633315189131 
0.5175135257179319 0.08497804426593036 0.012946333151605982 
0.3585445271635811 0.1677524702817994 0.3465563262852934 
0.12714667626975817 0.35854452716452895 0.34655632628403804 
0.16775247028324491 0.12714667626909165 0.34655632628380045 
0.22473267551866194 0.6533880188663119 0.01699262706566823 
0.10488667854884898 0.22473267551858683 0.016992627065998245 
0.6533880188669758 0.10488667854953981 0.016992627065828603 
0.08923568468759846 0.30640477477896055 0.09281715400051355 
0.5115423865329084 0.08923568468861764 0.0928171539998075 
0.30640477477872685 0.5115423865325865 0.09281715400041679 
0.007294355381304185 0.5404797680657268 0.24537631522293174 
0.20684956133010135 0.007294355381551654 0.24537631522168768 
0.5404797680654153 0.20684956133125032 0.24537631522196007 
0.0973720336353292 0.3089846928173874 0.49290887213599666 
0.10073440141218454 0.09737203363634439 0.49290887213283746 
0.3089846928177315 0.1007344014106229 0.49290887213695506 
0.39901390622718125 0.00924736361783246 0.582903743612111 
0.008834986543019507 0.3990139062254031 0.5829037436136701 
0.009247363618203941 0.008834986543086454 0.5829037436168685 
0.02152082553456086 0.5832780159922266 0.3791208084604638 
0.016080350012691702 0.021520825534507904 0.3791208084643818 
0.5832780159937188 0.01608035001313768 0.3791208084587908 
0.0688331739588598 0.8989650605385751 0.014467621640463613 
0.01773414386215455 0.06883317395833533 0.01446762164064852 
0.8989650605386637 0.017734143862307816 0.014467621640216866 
0.002747623971615709 0.38464570360739664 0.27645570880418396 
0.33615096361651403 0.00274762397135514 0.27645570880379944 
0.38464570360484684 0.33615096361808794 0.27645570880599035 
0.5303977839660675 0.22735638687752835 0.008568966905105557 
0.23367686225072853 0.5303977839664744 0.008568966905135533 
0.22735638687684145 0.23367686225047402 0.008568966905196207 
0.4730823945786081 0.3761818136912942 0.07236155120451859 
0.07837424052573172 0.4730823945784288 0.07236155120465582 
0.3761818136931924 0.07837424052530428 0.07236155120490012 
0.5522182104345289 0.350859996445968 0.004931325226067207 
0.09199046789365567 0.5522182104342734 0.004931325226427252 
0.3508599964450816 0.09199046789304383 0.004931325226952055 
0.6612982036782236 0.013411164646971119 0.0960128293407927 
0.22927780233386763 0.6612982036783233 0.09601282934065741 
0.01341116464707559 0.22927780233499728 0.09601282934041855 
0.022289636444338456 0.834383890577588 0.1242803391217786 
0.019046133856296665 0.022289636444387695 0.12428033912088388 
0.8343838905759401 0.019046133856306047 0.12428033912336889 
0.007667507939535079 0.26125966949594825 0.43044133981908456 
0.3006314827445463 0.007667507939682738 0.4304413398197251 
0.2612596694952174 0.3006314827447684 0.43044133982028476 
0.21600654434562205 0.0623040467790808 0.21451162810888513 
0.5071777807646766 0.21600654434621913 0.2145116281103287 
0.062304046778809186 0.5071777807651789 0.2145116281099157 
0.3942991568981551 0.47392585491525724 0.1145335941286787 
0.01724139405791847 0.394299156900111 0.11453359412850905 
0.47392585491461925 0.017241394057938675 0.11453359412891567 
0.01883099256402132 0.07968733056157801 0.881916327466509 
0.01956534940768595 0.018830992563699023 0.8819163274688055 
0.07968733056254257 0.019565349407989097 0.8819163274654251 
0.019749951346152095 0.09857704079958501 0.07586181203295678 
0.8058111958226276 0.01974995134613916 0.07586181203231068 
0.09857704079908969 0.8058111958219788 0.07586181203272896 
0.019522912627665923 0.7709900229262809 0.010156208792588384 
0.1993308556536676 0.019522912627698452 0.010156208792659438 
0.7709900229262199 0.19933085565342357 0.010156208792704735 
0.1783434906135457 0.4526488719953614 0.21415536427038956 
0.1548522731197196 0.17834349061310423 0.2141553642717896 
0.45264887199480763 0.15485227312058691 0.21415536427096482 
0.04604965750936918 0.04075932674082383 0.5163227682088478 
0.3968682475417655 0.046049657509022124 0.516322768209083 
0.04075932674062077 0.3968682475411296 0.5163227682092673 
0.054111261308966596 0.20566325305419964 0.20611451727047225 
0.5341109683657477 0.054111261309287895 0.20611451726976582 
0.2056632530540629 0.5341109683662315 0.20611451727070373 
0.6502100979139477 0.22353314623667853 0.026421594174992125 
0.0998351616742984 0.6502100979152712 0.02642159417490708 
0.2235331462354237 0.09983516167455436 0.02642159417479928 
0.07714531472977043 0.071365091252099 0.6582528796865361 
0.1932367143282535 0.07714531472941305 0.6582528796907259 
0.07136509125118273 0.19323671432918332 0.6582528796899905 
0.01940675068596609 0.7061532545901998 0.0754366247922551 
0.1990033699311778 0.019406750685986796 0.07543662479224167 
0.7061532545897242 0.19900336993159873 0.07543662479267577 
0.09409500064304088 0.7877678986243771 0.019310788493371756 
0.09882631223940275 0.09409500064289472 0.01931078849337481 
0.7877678986241533 0.09882631223971028 0.019310788493374198 
0.20392319120066632 0.7615550557609511 0.014400537420360404 
0.02012121561803054 0.20392319120023583 0.014400537420302228 
0.7615550557610797 0.02012121561804525 0.014400537420297344 
0.04637577761701106 0.35026145151799376 0.24123871535757513 
0.3621240555066352 0.04637577761704326 0.2412387153578484 
0.35026145151815025 0.3621240555078012 0.24123871535740932 
0.03830546711004518 0.16100456561349913 0.3863688156731705 
0.414321151603789 0.03830546710979188 0.38636881567304004 
0.16100456561387294 0.414321151602714 0.38636881567332115 
0.28515106751575836 0.09704125425919996 0.3639850895836558 
0.2538225886425896 0.2851510675153839 0.36398508958245185 
0.09704125425935217 0.2538225886423786 0.36398508958336306 
0.10144050962237772 0.018774198747379955 0.18430495314928264 
0.6954803384805679 0.10144050962235551 0.18430495314955575 
0.0187741987475053 0.6954803384805777 0.1843049531493684 
0.6756949276687967 0.018232037716882143 0.21028448189471338 
0.09578855271908893 0.6756949276694416 0.21028448189462956 
0.01823203771678117 0.09578855271960035 0.21028448189458027 
0.29354885057775276 0.008209800569969561 0.6006213514668879 
0.0976199973853833 0.2935488505770336 0.6006213514676992 
0.008209800569967785 0.09761999738502108 0.6006213514669283 
0.5035445472625715 0.207677080283025 0.07908151868236302 
0.20969685377178654 0.5035445472625852 0.079081518682243 
0.2076770802825929 0.2096968537719227 0.0790815186829546 
0.38230094649186747 0.5783447354271681 0.022555424121226908 
0.01679889395968459 0.3823009464917306 0.02255542412116629 
0.5783447354272747 0.01679889395970685 0.02255542412126671 
0.01932237274817622 0.8479054475994248 0.05638385444701344 
0.07638832520527938 0.01932237274818316 0.05638385444735511 
0.8479054476003128 0.0763883252049607 0.05638385444661964 
0.1114551583385125 0.11548607976972974 0.7627564092743052 
0.010302352616825328 0.11145515833869712 0.7627564092743481 
0.11548607977007064 0.010302352617070132 0.7627564092740204 
0.1775478833136097 0.029460356729192616 0.4030241507996139 
0.3899676091564038 0.1775478833143352 0.40302415080009524 
0.029460356729184345 0.38996760915675666 0.4030241508003236 
0.03822218952882861 0.19552219375788615 0.5628552072215465 
0.20340040949150362 0.03822218952910472 0.5628552072214578 
0.19552219375769725 0.20340040949159993 0.5628552072214534 
0.017482878960967896 0.5801957624013359 0.023045727115652337 
0.3792756315222442 0.017482878960898396 0.0230457271156303 
0.5801957624014107 0.37927563152201493 0.02304572711563274 
0.004110131411248497 0.09120718428587571 0.39899049286349325 
0.5056921914391684 0.004110131411517337 0.3989904928650358 
0.09120718428557456 0.5056921914383364 0.3989904928644712 
0.9526591910584256 0.004788844764298195 0.03329961033063372 
0.009252353846426586 0.9526591910590273 0.0332996103302412 
0.004788844763930933 0.009252353846064432 0.033299610330042806 
0.3919933501838907 0.38598018918754795 0.030608282527645636 
0.1914181781007837 0.39199335018335724 0.030608282527723407 
0.3859801891869218 0.19141817810099193 0.03060828252764075 
0.06794709903263552 0.547935626185202 0.3036135923649413 
0.08050368241686029 0.06794709903225482 0.3036135923650056 
0.5479356261849524 0.08050368241747669 0.3036135923645354 
0.3322960833854867 0.15380603608032284 0.16443270977701402 
0.34946517075681627 0.332296083385749 0.16443270977720448 
0.15380603608034293 0.3494651707565803 0.16443270977711383 
0.10151715917024418 0.680146917763508 0.11627248810442475 
0.102063434961844 0.10151715916997767 0.11627248810455026 
0.6801469177636641 0.10206343496165493 0.11627248810426982 
0.10403477450915694 0.005601417694883093 0.602941331965744 
0.287422475829685 0.10403477450946136 0.6029413319661475 
0.005601417694663713 0.28742247583037533 0.6029413319659246 
0.21294253714595557 0.022069294158669317 0.7437074210569654 
0.021280747638370623 0.21294253714467626 0.7437074210582459 
0.022069294158889363 0.02128074763856236 0.7437074210601418 
0.0132755319408292 0.9232999651574756 0.002010058649116131 
0.06141444425278525 0.013275531940707574 0.002010058649809965 
0.9232999651585445 0.061414444252497646 0.002010058648387436 
0.08400887661431677 0.0032398093295695762 0.38629615027093683 
0.5264551637842714 0.08400887661498041 0.38629615027055964 
0.0032398093299368935 0.5264551637848467 0.386296150271221 
0.2349406124884027 0.5156439635468602 0.24749127838673157 
0.001924145578256875 0.23494061248997605 0.24749127838584023 
0.5156439635453918 0.0019241455782302852 0.2474912783874761 
0.30291811932937635 0.3029181193293014 0.09124564201234264 
0.0068577036814607695 0.006857703680960059 0.9794268889578407 
0.1658875202550451 0.16588752025509207 0.502337439235168 
0.07781592316817376 0.0778159231688259 0.7665522304918785 
0.3317239526139896 0.33172395261500154 0.004828142155987147 
0.24322103194167016 0.24322103194151506 0.2703369041747087 
0.0007200311129131553
0.0007200311129157381
0.0007200311129206577
0.0011166085861902015
0.001116608586188957
0.0011166085861845376
0.0002595061872612593
0.0002595061872718606
0.00025950618725533727
0.0006139296700493464
0.0006139296700527105
0.0006139296700540699
0.0005790788253774547
0.0005790788253779832
0.0005790788253746121
0.0018482705192122318
0.0018482705192153254
0.0018482705191982664
0.00064521156282136
0.0006452115628287015
0.0006452115628249433
0.001425091881443151
0.0014250918814340454
0.001425091881446326
0.0005051196200614483
0.0005051196200666879
0.0005051196200669973
0.001517977935293333
0.0015179779352850317
0.0015179779352944805
0.00016751105250402323
0.0001675110525058969
0.00016751105250894981
0.0003441188150788933
0.00034411881507765584
0.0003441188150796393
0.00016642515597055304
0.0001664251559726146
0.0001664251559695553
0.0003355528785475202
0.0003355528785454431
0.00033555287853835256
0.000633695346548281
0.0006336953465478904
0.0006336953465503016
0.0013681663199158506
0.0013681663199072202
0.0013681663198938984
0.0003397225317885448
0.0003397225317983489
0.00033972253180672456
0.0006348790199076735
0.0006348790199122379
0.0006348790199103517
0.0002896234674114697
0.00028962346741212374
0.0002896234674142981
0.0006583108630969204
0.0006583108631030262
0.0006583108630977936
0.0017443832390316306
0.0017443832390199843
0.0017443832390271845
0.0009040682164432668
0.0009040682164456144
0.0009040682164484993
0.0002623508567784391
0.00026235085677183654
0.0002623508567806205
0.0005119272825811385
0.0005119272825807408
0.0005119272825804473
0.0002517305490836879
0.0002517305490849342
0.00025173054908524177
0.0025078657023787105
0.0025078657023794707
0.0025078657023869483
0.0009545436306312904
0.0009545436306200297
0.0009545436306268904
0.0016739002367449072
0.0016739002367584183
0.0016739002367579482
0.0009101648818818195
0.0009101648818741402
0.0009101648818636468
0.0012249169070411461
0.001224916907034883
0.001224916907034844
0.0006802125901023806
0.0006802125901020554
0.0006802125901092855
0.0006040034240449689
0.0006040034240459377
0.0006040034240458403
0.00032793268910110335
0.0003279326891004369
0.00032793268910045814
0.0019127902326742767
0.0019127902326829033
0.0019127902326753553
0.0016030264549262443
0.0016030264549198381
0.0016030264549219803
0.002450297574232396
0.0024502975742393437
0.0024502975742462904
0.0008076554699327815
0.0008076554699433263
0.0008076554699409858
0.0008218351357671572
0.0008218351357606447
0.0008218351357600968
0.0005773932407945841
0.0005773932407917503
0.0005773932407934669
0.0022049290401975914
0.002204929040196955
0.002204929040208499
0.000472513744109698
0.0004725137441075378
0.00047251374410967853
0.0004368238490340618
0.00043682384903025753
0.00043682384903561913
0.0005239737595797433
0.0005239737595642082
0.0005239737595713323
0.001521769855490286
0.0015217698554851136
0.0015217698554892609
0.0015499925409598891
0.0015499925409594082
0.0015499925409610804
0.0005134274075996242
0.0005134274075967693
0.0005134274075983001
0.00037954037806018644
0.0003795403780640843
0.0003795403780687035
5.10403786354303e-05
5.104037863420365e-05
5.104037863193472e-05
0.0015744566170082224
0.0015744566170081873
0.001574456617010968
0.001679265691428502
0.0016792656914243937
0.0016792656914316026
0.0029834456580178034
0.0029834456580192354
0.0029834456580193416
0.0016764283713183736
0.0016764283713183205
0.0016764283713199698
0.0005158371649003294
0.000515837164896778
0.0005158371648936208
0.0004780758505195659
0.00047807585051857593
0.00047807585052433174
6.442538948628819e-05
6.442538948864303e-05
6.44253894828939e-05
0.00037611053899940964
0.00037611053901267144
0.00037611053900670876
0.000434443759296111
0.00043444375930333404
0.0004344437593049374
0.0024815884502454
2.2105078592572008e-05
0.002703211730841767
0.0007932872325677066
0.00047932547560531816
0.0031781597181588512
