122
0.43127482811150725 0.5224715513554017 0.010833202312850787 
0.035420418220237115 0.4312748281115101 0.010833202312850787 
0.5224715513554082 0.035420418220232786 0.010833202312845902 
0.0288780033877441 0.10216956909428954 0.2474312436355633 
0.6215211838824055 0.02887800338774449 0.24743124363555935 
0.1021695690942831 0.6215211838824012 0.24743124363557167 
0.08955250910701396 0.4106933140901512 0.36476024919336947 
0.13499392760945983 0.08955250910700863 0.3647602491933786 
0.41069331409015175 0.1349939276094581 0.36476024919338235 
0.2600559873627517 0.076567784209284 0.06193417797899664 
0.6014420504489668 0.260055987362767 0.06193417797899359 
0.07656778420928095 0.6014420504489566 0.06193417797899359 
0.25990315408583575 0.1147675167631062 0.23345393195130226 
0.3918753971997637 0.25990315408583436 0.23345393195130426 
0.11476751676309904 0.39187539719975684 0.23345393195131015 
0.3050609665772106 0.6550796310298418 0.026470351509840118 
0.013389050883107656 0.30506096657720566 0.026470351509840118 
0.6550796310298345 0.013389050883110432 0.02647035150984073 
0.07994348658717365 0.6021485466361711 0.1972600853341152 
0.12064788144253713 0.07994348658717076 0.19726008533412204 
0.6021485466361718 0.12064788144253868 0.19726008533412287 
0.020134335322814723 0.5459504609989213 0.31557230285725674 
0.11834290082101012 0.020134335322812946 0.3155723028572598 
0.5459504609989175 0.11834290082100885 0.315572302857261 
0.23379217305788297 0.4810426322698022 0.2697819249825929 
0.015383269689724977 0.23379217305788147 0.26978192498258957 
0.481042632269803 0.01538326968972481 0.26978192498259224 
0.22084175931337113 0.10024975437213596 0.4514599495099769 
0.22744853680451488 0.2208417593133764 0.4514599495099708 
0.10024975437213574 0.22744853680451227 0.45145994950997814 
0.13012709476202478 0.42612797425565285 0.12738316872602068 
0.3163617622563092 0.1301270947620234 0.1273831687260133 
0.42612797425565724 0.3163617622563014 0.12738316872601518 
0.12803632767886125 0.07462605132720856 0.08026101789295104 
0.7170766031009718 0.12803632767886575 0.08026101789294982 
0.07462605132721145 0.717076603100971 0.08026101789294982 
0.05919699437842152 0.8519850489492442 0.017656960190834736 
0.07116099648149826 0.059196994378421075 0.017656960190833515 
0.851985048949248 0.07116099648149676 0.017656960190833515 
0.08568157353024364 0.4641610608049751 0.42682818675140055 
0.0233291789133806 0.0856815735302423 0.42682818675139444 
0.4641610608049876 0.023329178913380322 0.42682818675139444 
0.23241799895638665 0.061235487444195214 0.6975189009523873 
0.008827612647035021 0.23241799895638704 0.6975189009523898 
0.06123548744418639 0.008827612647032912 0.6975189009523861 
0.18590040868376567 0.292248264310623 0.5025986233550276 
0.01925270365058307 0.18590040868376678 0.5025986233550221 
0.29224826431063367 0.019252703650583847 0.5025986233550227 
0.024359910069936208 0.02461521681961587 0.8525144716501355 
0.0985104014603152 0.024359910069935986 0.8525144716501325 
0.024615216819614982 0.09851040146030465 0.8525144716501454 
0.4045023685632664 0.09476261902902028 0.29182351556725106 
0.20891149684046767 0.4045023685632759 0.29182351556724373 
0.09476261902901939 0.20891149684046706 0.2918235155672501 
0.062018219302691135 0.29622279508794813 0.5617139637207542 
0.08004502188860085 0.06201821930268864 0.5617139637207645 
0.2962227950879416 0.08004502188860685 0.561713963720764 
0.009172080070074418 0.3425319979501514 0.4858624607394078 
0.1624334612403715 0.00917208007007464 0.48586246073941025 
0.3425319979501513 0.16243346124036878 0.4858624607394066 
0.02362764131444295 0.6941399725295287 0.26438108150681894 
0.017851304649210198 0.023627641314445225 0.2643810815068134 
0.6941399725295327 0.017851304649209865 0.26438108150681267 
0.29729015531710984 0.024931564040273857 0.297442217416373 
0.38033606322624275 0.29729015531710656 0.29744221741637694 
0.024931564040272802 0.380336063226246 0.29744221741637233 
0.5606658837700145 0.2708902039289694 0.15016256012779478 
0.018281352173222243 0.5606658837700205 0.1501625601277911 
0.2708902039289657 0.018281352173223298 0.15016256012779233 
0.5748727589136073 0.3771063994176174 0.03049127948617797 
0.0175295621825991 0.5748727589136118 0.03049127948617797 
0.3771063994176129 0.017529562182601433 0.0304912794861798 
0.48334269753205383 0.029957554129591335 0.47649367468328696 
0.010206073655070036 0.4833426975320466 0.4764936746832925 
0.02995755412959189 0.010206073655068426 0.47649367468328574 
0.5267595669941991 0.23637803333829166 0.025424765116052073 
0.2114376345514618 0.5267595669941894 0.02542476511605085 
0.23637803333829865 0.21143763455145753 0.025424765116050185 
0.004579555742878494 0.9546184848667287 0.017905866007425053 
0.022896093382968552 0.004579555742875718 0.017905866007423166 
0.9546184848667338 0.02289609338296672 0.01790586600742261 
0.025611859351093114 0.1633309546271896 0.11544787129923617 
0.6956093147224813 0.02561185935109278 0.11544787129923562 
0.16333095462719088 0.695609314722476 0.11544787129923928 
0.402881624628451 0.4463155182649423 0.026199560756252627 
0.12460329635035572 0.40288162462844496 0.026199560756252627 
0.4463155182649514 0.12460329635034817 0.02619956075625207 
0.23164769521725376 0.507548605120255 0.12662371323439148 
0.13417998642809736 0.23164769521725104 0.12662371323439336 
0.5075486051202591 0.13417998642809542 0.1266237132343952 
0.03438582765934772 0.8430325460783394 0.09908661326227758 
0.02349501300003498 0.03438582765934678 0.0990866132622733 
0.8430325460783443 0.023495013000035814 0.0990866132622727 
0.027420024867732984 0.1183171575426546 0.7016489041188464 
0.15261391347076503 0.02742002486773154 0.7016489041188458 
0.11831715754265071 0.15261391347076586 0.7016489041188494 
0.6898395103699009 0.08312515611213872 0.024081095536741703 
0.20295423798122136 0.6898395103698951 0.024081095536742314 
0.08312515611213978 0.20295423798122014 0.024081095536742314 
0.36700989373749937 0.4891098147267995 0.11512444438172975 
0.028755847153970837 0.367009893737501 0.11512444438172731 
0.4891098147268008 0.02875584715397017 0.11512444438172914 
0.004307832160714065 0.7442385076631637 0.15234372051626938 
0.09910993965985171 0.004307832160712177 0.15234372051627243 
0.7442385076631619 0.09910993965985493 0.1523437205162712 
0.11764534481603783 0.858904439184522 0.019816177959562364 
0.003634038039875387 0.11764534481603506 0.019816177959561143 
0.8589044391845247 0.003634038039874443 0.019816177959561143 
0.0035570953772690594 0.7939888499122253 0.03305477917755667 
0.16939927553295064 0.0035570953772685043 0.03305477917755728 
0.7939888499122266 0.16939927553294748 0.03305477917755728 
0.2906417622369231 0.002190912398345124 0.6722668687771656 
0.03490045658756763 0.29064176223691895 0.6722668687771729 
0.0021909123983389067 0.034900456587567796 0.6722668687771675 
0.07282912711688538 0.6925014175880475 0.0005245712210176778 
0.23414488407404876 0.07282912711688311 0.0005245712210164566 
0.6925014175880511 0.2341448840740502 0.0005245712210146247 
0.11768433971455883 0.11768433971455627 0.6469469808563282 
0.005336077019651608 0.005336077019643726 0.9839917689410551 
0.3324969599766495 0.33249695997663586 0.002509120070074533 
0.305329584336061 0.3053295843360564 0.08401124699181972 
0.24821237155622405 0.24821237155622888 0.2553628853313281 
0.00034771688220674735
0.0003477168822067615
0.0003477168822065953
0.001049846185712885
0.0010498461857129239
0.001049846185712963
0.0021899086547604867
0.002189908654760398
0.0021899086547603453
0.001430625842290127
0.0014306258422900986
0.001430625842290074
0.002587779790111387
0.00258777979011114
0.002587779790110875
0.00046939308112214017
0.000469393081122119
0.0004693930811221826
0.0019813308652686717
0.0019813308652687424
0.001981330865268707
0.0012296728163222832
0.0012296728163221824
0.001229672816322131
0.0013011726613118824
0.0013011726613120448
0.0013011726613120307
0.0032514268051329212
0.003251426805132939
0.003251426805132798
0.0028180784812235726
0.0028180784812232547
0.002818078481223396
0.0014481262251185875
0.0014481262251187076
0.0014481262251186706
0.000521121787570755
0.0005211217875707372
0.0005211217875707442
0.001286052638616939
0.0012860526386169516
0.001286052638616941
0.0005256622670893609
0.0005256622670894918
0.0005256622670894087
0.0015201310181193212
0.0015201310181193035
0.0015201310181193353
0.0005271978638527776
0.0005271978638527846
0.0005271978638527369
0.003130563072821584
0.0031305630728214956
0.0031305630728215663
0.0019252967240803347
0.0019252967240802996
0.0019252967240803525
0.0008887153590632213
0.0008887153590632426
0.0008887153590631331
0.0005566045279494754
0.0005566045279495373
0.0005566045279495302
0.0019506389267459356
0.0019506389267458647
0.0019506389267458825
0.0014030871341772992
0.001403087134177347
0.0014030871341773805
0.0007008690706483741
0.0007008690706484041
0.0007008690706485156
0.0005369300725478063
0.0005369300725478647
0.000536930072547847
0.0018566467954330044
0.0018566467954329513
0.001856646795432916
8.429047994005052e-05
8.429047994003726e-05
8.429047994003497e-05
0.0013859680589182344
0.0013859680589182152
0.0013859680589183103
0.0019099333823615167
0.001909933382361552
0.0019099333823615696
0.0036587068547407307
0.003658706854740801
0.0036587068547407654
0.0006129569463521514
0.0006129569463521266
0.0006129569463521495
0.0013334326706758313
0.0013334326706758103
0.0013334326706758261
0.001307751425728275
0.0013077514257283473
0.001307751425728342
0.0020261229364023302
0.0020261229364022773
0.0020261229364022595
0.00047266648548845944
0.00047266648548842757
0.00047266648548842757
0.00021490934536169855
0.00021490934536166852
0.00021490934536166144
0.00034938896941761705
0.00034938896941761705
0.00034938896941762057
0.0003695107281301089
0.0003695107281300223
0.0003695107281299975
0.00043580724293479096
0.0004358072429347662
0.0004358072429347379
0.001850997512216565
3.3366657039340475e-05
0.0008238259069470653
0.004252858800216381
0.004917494562999642
