146
0.013371428943564023 0.8180261621944123 0.10745712974379362 
0.0611452791183259 0.013371428943525832 0.1074571297438095 
0.8180261621942971 0.06114527911829648 0.1074571297438493 
0.08291452043304415 0.40009792962989144 0.46413210895370016 
0.052855440983355706 0.08291452043303993 0.4641321089535967 
0.4000979296301267 0.05285544098330969 0.46413210895362483 
0.030670867576084004 0.48691789291743387 0.41644212779928946 
0.06596911170715458 0.03067086757606241 0.4164421277993403 
0.48691789291753573 0.06596911170718461 0.41644212779919393 
0.051829814153654896 0.1682276257037144 0.012759037900087922 
0.7671835222425685 0.05182981415363275 0.0127590379000585 
0.16822762570376426 0.7671835222425369 0.012759037900064607 
0.48477465715878254 0.01583063435089843 0.018330570787562006 
0.48106413770281264 0.4847746571587411 0.018330570787562617 
0.01583063435090143 0.48106413770279255 0.01833057078755157 
0.3704425559581763 0.21244175926656084 0.010681523063550358 
0.40643416171182756 0.3704425559580569 0.010681523063569953 
0.21244175926661552 0.4064341617117311 0.010681523063569953 
0.2874706358928881 0.01782606090077843 0.38561729371495873 
0.3090860094913715 0.2874706358928807 0.38561729371497033 
0.017826060900781926 0.30908600949137 0.3856172937149661 
0.009608952348355237 0.27207744154279856 0.21734734626390295 
0.5009662598450279 0.009608952348337696 0.21734734626392255 
0.2720774415427656 0.5009662598449669 0.21734734626391994 
0.07885099695144138 0.5333277309204184 0.16634216529447993 
0.2214791068336956 0.07885099695140296 0.16634216529447993 
0.5333277309204709 0.22147910683362437 0.16634216529445972 
0.7800257224727452 0.16038086409573993 0.041443167339811904 
0.01815024609171001 0.7800257224727034 0.041443167339804576 
0.1603808640958213 0.018150246091711064 0.04144316733977638 
0.27666877581829497 0.10243087892296476 0.40200054824072334 
0.2188997970179869 0.2766687758183742 0.40200054824072395 
0.10243087892291125 0.21889979701797319 0.4020005482406982 
0.017562309236326346 0.48197145243094 0.3414320148667813 
0.15903422346592905 0.01756230923633345 0.34143201486680647 
0.48197145243090767 0.15903422346593632 0.3414320148668193 
0.012272548167279407 0.6619834174745407 0.1736456691582865 
0.15209836519994874 0.012272548167263975 0.17364566915830854 
0.661983417474465 0.1520983651998945 0.17364566915835755 
0.5438135338904 0.07731864884330342 0.19608617551305163 
0.18278164175325473 0.5438135338903274 0.19608617551308222 
0.07731864884330841 0.1827816417531718 0.19608617551317237 
0.08639757190646435 0.7796220928970108 0.07217289794218529 
0.06180743725431109 0.08639757190638209 0.07217289794220677 
0.7796220928971535 0.06180743725428406 0.07217289794213205 
0.00891301236246711 0.9412811493523088 0.030236874510999767 
0.019568963774239223 0.00891301236248343 0.030236874511007095 
0.9412811493522357 0.019568963774270975 0.030236874511006484 
0.028904363524835275 0.17358023584509186 0.3570824842180016 
0.4404329164120002 0.02890436352488751 0.357082484218023 
0.17358023584506405 0.4404329164120815 0.3570824842179924 
0.022700850111789184 0.09035183340359443 0.8658176567852248 
0.021129659699391512 0.02270085011179246 0.8658176567851942 
0.09035183340349778 0.021129659699379966 0.8658176567853412 
0.021488312702070578 0.44516947923320516 0.2127349091997207 
0.32060729886504824 0.02148831270206708 0.21273490919973542 
0.4451694792331766 0.3206072988650126 0.21273490919973614 
0.6174866483249895 0.0802385011622645 0.07195784522707172 
0.23031700528572518 0.617486648324915 0.07195784522706372 
0.08023850116232745 0.2303170052856327 0.0719578452271305 
0.09452881219755316 0.6596374999552119 0.07065601264625643 
0.17517767520095617 0.09452881219751563 0.07065601264629495 
0.6596374999553177 0.17517767520092076 0.07065601264621779 
0.6912849146605329 0.28209386754170307 0.005896688536556449 
0.020724529261211155 0.6912849146605239 0.005896688536550898 
0.2820938675417851 0.020724529261208935 0.005896688536536798 
0.017577541940982155 0.584552241935574 0.08080118806644071 
0.31706902805700454 0.01757754194097383 0.08080118806643216 
0.5845522419356187 0.3170690280569447 0.08080118806646397 
0.35894300107719346 0.09663461813536411 0.23058085944453782 
0.31384152134292653 0.35894300107714394 0.23058085944456397 
0.09663461813535845 0.313841521342904 0.23058085944453316 
0.08902566699071168 0.5471152663511358 0.025254850395035833 
0.33860421626310006 0.08902566699068692 0.02525485039503894 
0.5471152663511727 0.33860421626312065 0.025254850395049988 
0.34977587186706627 0.561185464162414 0.01001327495242349 
0.07902538901814765 0.34977587186696624 0.010013274952437534 
0.5611854641624556 0.07902538901810852 0.01001327495242843 
0.033613145330236516 0.8788187468359565 0.008412158658423707 
0.0791559491753922 0.033613145330244454 0.008412158658415159 
0.8788187468359099 0.07915594917543556 0.00841215865838879 
0.03145181004767916 0.8108726651448128 0.14652045906116984 
0.01115506574634989 0.031451810047659456 0.14652045906114775 
0.8108726651448394 0.011155065746344728 0.1465204590611655 
0.1561915341626685 0.7035601418165593 0.12823241350275771 
0.012015910518011985 0.15619153416266657 0.1282324135027485 
0.7035601418166271 0.012015910518001549 0.12823241350274422 
0.23624230586195327 0.532135976831517 0.030661116632108742 
0.2009606006744854 0.2362423058618977 0.030661116632118568 
0.53213597683155 0.20096060067440624 0.030661116632138774 
0.39092960743940386 0.12274906286695864 0.08756388655247122 
0.3987574431411714 0.39092960743935407 0.08756388655250119 
0.1227490628669684 0.39875744314113165 0.08756388655250058 
0.07763792076797837 0.6068954673005382 0.30589524723316575 
0.009571364698318374 0.07763792076798604 0.30589524723313216 
0.6068954673005268 0.009571364698299 0.30589524723317846 
0.16456913121524241 0.035459514075002474 0.5385515468421933 
0.2614198078675273 0.1645691312152261 0.5385515468422313 
0.03545951407500558 0.26141980786757935 0.5385515468421995 
0.06541766890802347 0.6384747189831494 0.2206728628957641 
0.07543474921308102 0.06541766890798661 0.2206728628957595 
0.6384747189831916 0.07543474921303872 0.22067286289571997 
0.10031985363325158 0.24341356224078814 0.5906059332310528 
0.06566065089494988 0.10031985363326523 0.5906059332310178 
0.24341356224095145 0.06566065089490114 0.5906059332308269 
0.08145578260858222 0.8844920682247885 0.025449003903640133 
0.008603145262976009 0.08145578260860398 0.025449003903626033 
0.8844920682248392 0.008603145262962686 0.025449003903619927 
0.5054323769913358 0.026572340845975373 0.096901871563156 
0.371093410599567 0.5054323769913125 0.09690187156314256 
0.026572340845974873 0.37109341059953294 0.09690187156313029 
0.1171420283955028 0.015157158247489422 0.7370755718293306 
0.13062524152767713 0.11714202839548699 0.7370755718293557 
0.015157158247512958 0.1306252415276692 0.7370755718293367 
0.11084950229959878 0.40021279496230044 0.3263197105354847 
0.16261799220260764 0.11084950229958451 0.32631971053548714 
0.40021279496230433 0.16261799220257034 0.32631971053552206 
0.024774296905981874 0.4464146999626367 0.5213287809539732 
0.00748222217739225 0.02477429690597832 0.5213287809539922 
0.44641469996257077 0.00748222217740141 0.521328780954065 
0.2069223626302676 0.4418055888803889 0.1404348940839114 
0.2108371544054254 0.20692236263021296 0.14043489408395737 
0.4418055888803927 0.21083715440539186 0.14043489408395982 
0.007414460977257731 0.26884285176817513 0.0282138124054504 
0.6955288748491351 0.007414460977235693 0.02821381240546328 
0.2688428517681762 0.6955288748491216 0.028213812405462058 
0.027124911034180577 0.2359081252750478 0.7148030256628792 
0.0221639380278989 0.027124911034181687 0.7148030256628535 
0.23590812527495875 0.022163938027905172 0.7148030256629533 
0.0025941652651872427 0.3417930742320214 0.5797685345851114 
0.0758442259176827 0.0025941652652103353 0.5797685345850752 
0.3417930742320848 0.07584422591769563 0.5797685345850017 
0.12082870476910867 0.7086431089235701 0.002914466641385949 
0.1676137196659544 0.12082870476910873 0.0029144666414103737 
0.7086431089234964 0.1676137196659998 0.002914466641356528 
0.004238509505517851 0.6606125044180273 0.30590641935369994 
0.029242566722753605 0.004238509505524846 0.305906419353717 
0.6606125044179558 0.02924256672275466 0.30590641935375457 
0.13745039479674537 0.30064976944768707 0.5608693977782061 
0.0010304379773770633 0.13745039479672727 0.5608693977782495 
0.30064976944771105 0.001030437977338483 0.5608693977782153 
0.0951170007290063 0.09511700072889273 0.7146489978132143 
0.010345107256522823 0.010345107256587105 0.9689646782302905 
0.30955501834309623 0.3095550183430514 0.07133494497075143 
0.16686328704155956 0.16686328704167097 0.4994101388751888 
0.25055888693954903 0.25055888693958245 0.24832333918130678 
0.0003551225907301973
0.0003551225907297731
0.0003551225907301019
0.001177874388275691
0.0011778743882767215
0.0011778743882738614
0.0008144758584716204
0.0008144758584703777
0.0008144758584702256
0.00045302378387294565
0.00045302378387236046
0.0004530237838724365
0.00041543522969171484
0.00041543522969150445
0.0004154352296917025
0.0009317064412002206
0.0009317064412011593
0.0009317064412010391
0.00126388507718553
0.001263885077185666
0.0012638850771857421
0.0007934548044531541
0.0007934548044526308
0.0007934548044530056
0.0019104583647194882
0.0019104583647188518
0.0019104583647201422
0.0005183573574952897
0.0005183573574954046
0.0005183573574953267
0.002571136252078027
0.0025711362520772847
0.0025711362520778156
0.001127770423627356
0.0011277704236277927
0.0011277704236277609
0.0007731049469581533
0.0007731049469574426
0.0007731049469581391
0.002127446656882831
0.0021274466568841216
0.0021274466568832378
0.0009212791124106388
0.0009212791124102357
0.0009212791124099636
0.00010841532703717527
0.00010841532703736248
0.00010841532703751804
0.0015235584390117579
0.0015235584390145829
0.0015235584390132359
0.0003711737480225684
0.00037117374802262673
0.00037117374802226433
0.0013824952238897675
0.0013824952238897037
0.0013824952238899353
0.0015533880894573607
0.0015533880894577337
0.0015533880894588244
0.0015785619534532378
0.0015785619534530026
0.0015785619534532253
0.00023853469157185286
0.0002385346915718016
0.00023853469157155942
0.0009388009003998087
0.0009388009003994392
0.0009388009003994993
0.0029616885554543523
0.0029616885554541402
0.00296168855545391
0.001155857857316919
0.001155857857316622
0.0011558578573167369
0.0006904621960691762
0.0006904621960698744
0.0006904621960692999
0.00022347525797851176
0.0002234752579784057
0.00022347525797821477
0.0003480651020245439
0.00034806510202475957
0.00034806510202456165
0.0007517374404998904
0.0007517374404998533
0.0007517374404992115
0.0016802161392982578
0.0016802161392984612
0.0016802161392987102
0.0025601161879149474
0.0025601161879153533
0.002560116187915336
0.0006550908587343359
0.0006550908587344118
0.0006550908587339009
0.0018087386127984563
0.001808738612798863
0.0018087386127986684
0.001609778868289749
0.0016097788682893919
0.0016097788682897542
0.0017764529129038395
0.0017764529129050237
0.001776452912906155
0.00021516249282610753
0.00021516249282587416
0.00021516249282564612
0.0013098601219425693
0.0013098601219427267
0.0013098601219425092
0.0008002620463696548
0.0008002620463692413
0.0008002620463703903
0.003303366568209152
0.0033033665682081262
0.003303366568209488
0.0003691445658334569
0.00036914456583309095
0.00036914456583313335
0.003116760995113376
0.0031167609951139067
0.0031167609951133937
0.00035608395080396945
0.0003560839508036742
0.00035608395080374665
0.0006619235298199111
0.000661923529820049
0.0006619235298204396
0.00040213122869147105
0.00040213122869188825
0.00040213122869227363
0.0004266985979252552
0.00042669859792575897
0.0004266985979246559
0.00033613166424808756
0.00033613166424813706
0.0003361316642483563
0.0005341727061939641
0.000534172706194436
0.0005341727061933347
0.0014385650798460583
4.134324458614674e-05
0.00283428043724523
0.002340022780617592
0.004303940769897274
