214
0.26780584731702584 0.40215339591245497 0.3203870289323363 
0.009653727838177528 0.26780584731704443 0.3203870289323185 
0.40215339591249066 0.009653727838178028 0.3203870289323026 
0.26732678586842484 0.47741185664822733 0.16272823437492695 
0.09253312310838835 0.267326785868413 0.16272823437495332 
0.47741185664824815 0.09253312310841927 0.16272823437493245 
0.255795941906351 0.20845779940810893 0.011334478230525136 
0.5244117804550296 0.2557959419063434 0.011334478230527578 
0.2084577994081172 0.5244117804550043 0.011334478230523914 
0.07313934036770875 0.15437425379827874 0.7047038738820692 
0.06778253195192752 0.07313934036770675 0.704703873882079 
0.1543742537982603 0.06778253195194395 0.7047038738820759 
0.047659446060689725 0.015118435424582133 0.07509955896952647 
0.8621225595452039 0.047659446060690225 0.07509955896952403 
0.015118435424582966 0.8621225595452008 0.07509955896953202 
0.2352857507942242 0.7426915834872501 0.011672759117849485 
0.01034990660067453 0.23528575079423264 0.011672759117843323 
0.7426915834872551 0.010349906600671477 0.011672759117846376 
0.008829122768390263 0.07185958939199277 0.36312512663709673 
0.5561861612025288 0.008829122768396425 0.36312512663709184 
0.0718595893919789 0.5561861612025372 0.36312512663709484 
0.048485773260344645 0.27389889905025466 0.6053416400059431 
0.07227368768344183 0.048485773260344533 0.6053416400059548 
0.2738988990502446 0.07227368768344589 0.6053416400059597 
0.4510584679490589 0.013672264012543456 0.010292081896931315 
0.5249771861414733 0.45105846794904875 0.010292081896933758 
0.013672264012539903 0.5249771861414798 0.010292081896929428 
0.009407434741028231 0.18566957142053053 0.498715106027506 
0.3062078878109089 0.009407434741032339 0.49871510602752983 
0.18566957142052837 0.30620788781092767 0.49871510602751457 
0.009097941712290836 0.37185838176170827 0.6057046365583626 
0.013339039967639965 0.009097941712294277 0.6057046365583638 
0.3718583817617 0.013339039967639355 0.6057046365583736 
0.02904413928681654 0.008848046489437267 0.9372660613009615 
0.024841752922780125 0.0290441392868121 0.9372660613009554 
0.008848046489433103 0.0248417529227844 0.9372660613009615 
0.01488093241522559 0.7706018404420294 0.14575078198884095 
0.06876644515390218 0.014880932415225256 0.14575078198884645 
0.7706018404420206 0.0687664451539044 0.1457507819888495 
0.06882938877957201 0.6667349326998024 0.23206656780403634 
0.03236911071658255 0.06882938877957367 0.23206656780403623 
0.6667349326998178 0.03236911071658499 0.23206656780404045 
0.34303057397782905 0.09109001795840521 0.23543386875416555 
0.3304455393095925 0.34303057397780873 0.23543386875416933 
0.09109001795841742 0.33044553930960846 0.23543386875415473 
0.382826132321645 0.22555506878883747 0.01264429188566546 
0.37897450700385327 0.3828261323216364 0.01264429188566607 
0.22555506878882498 0.3789745070038492 0.012644291885667902 
0.333784772736308 0.17528826325512636 0.15365688986232007 
0.33727007414626375 0.333784772736311 0.15365688986230047 
0.17528826325511748 0.33727007414623855 0.15365688986230047 
0.4236608056652554 0.01602307963396432 0.1897016601819962 
0.37061445451877506 0.42366080566525 0.18970166018200996 
0.016023079633962434 0.37061445451877084 0.18970166018200024 
0.1286081121536543 0.30238692652483923 0.5069361346327148 
0.06206882668877972 0.1286081121536503 0.5069361346327252 
0.30238692652484245 0.06206882668879443 0.5069361346327277 
0.013710451058618067 0.4518201024128161 0.3540241023636947 
0.18044534416486657 0.013710451058619288 0.3540241023636806 
0.45182010241282167 0.1804453441648688 0.35402410236369286 
0.10957554754814836 0.012771480361006726 0.8630127527658928 
0.014640219324951576 0.10957554754814647 0.863012752765899 
0.012771480361006893 0.014640219324954296 0.863012752765899 
0.29823862031372605 0.02418625266301133 0.32827668948485633 
0.34929843753842804 0.2982386203137135 0.32827668948484345 
0.024186252663016772 0.34929843753841683 0.3282766894848337 
0.17255136606679755 0.34306677244807093 0.2910280425505992 
0.19335381893453946 0.1725513660668474 0.2910280425506466 
0.34306677244810324 0.193353818934486 0.29102804255059156 
0.4522698873067333 0.02198550415554834 0.3656528451019291 
0.16009176343577347 0.4522698873067707 0.3656528451019033 
0.021985504155553337 0.1600917634358059 0.3656528451018905 
0.1955976722408661 0.01610664762850611 0.5048889496097582 
0.28340673052085624 0.19559767224086988 0.5048889496097686 
0.016106647628506443 0.28340673052085263 0.5048889496097624 
0.17211273776170932 0.4738597830753177 0.16246886683326633 
0.19155861232969063 0.1721127377617218 0.16246886683328599 
0.47385978307533044 0.19155861232969873 0.16246886683326944 
0.011325403283846236 0.608123092139794 0.29609178808839737 
0.08445971648796141 0.011325403283849678 0.29609178808840053 
0.6081230921397875 0.0844597164879628 0.2960917880884 
0.08364528610476096 0.1727644005229243 0.28369432202266964 
0.45989599134965903 0.0836452861047331 0.28369432202267886 
0.17276440052292008 0.4598959913496501 0.2836943220226702 
0.14688471844943707 0.6499516355495523 0.0182999648331873 
0.18486368116781415 0.14688471844942658 0.0182999648331873 
0.6499516355495721 0.18486368116780344 0.0182999648331873 
0.016510934311896985 0.7415160297079645 0.2282126571617314 
0.013760378818407137 0.016510934311898262 0.2282126571617405 
0.7415160297079683 0.013760378818404306 0.22821265716173222 
0.6425340162574125 0.14949833226470133 0.1777342490770339 
0.030233402400853704 0.6425340162574236 0.17773424907704 
0.14949833226469322 0.030233402400851483 0.17773424907704 
0.04935190074327639 0.4869982397923462 0.1497252367121581 
0.3139246227522204 0.04935190074328538 0.14972523671215687 
0.4869982397923311 0.3139246227522261 0.14972523671216176 
0.08624240167701036 0.3288744436262876 0.4323311285083786 
0.1525520261883117 0.08624240167701158 0.43233112850838595 
0.3288744436262736 0.15255202618833896 0.4323311285083768 
0.01356847482581941 0.5596471440071776 0.409015522247993 
0.017768858919009478 0.013568474825819798 0.4090155222479972 
0.5596471440071773 0.01776885891901009 0.4090155222479942 
0.28985270031641464 0.08514028622192754 0.38910094543047 
0.23590606803118874 0.2898527003164425 0.38910094543045104 
0.08514028622192726 0.23590606803119013 0.38910094543046025 
0.19482177755837177 0.6324086041104886 0.07976498347271088 
0.09300463485842225 0.1948217775583615 0.07976498347272803 
0.6324086041104944 0.0930046348584268 0.07976498347271155 
0.19589446318021142 0.7168988880207331 0.015863515749192203 
0.07134313304985884 0.1958944631802096 0.015863515749195867 
0.7168988880207374 0.07134313304985379 0.015863515749191537 
0.012251498141177875 0.85813195995647 0.01880574820318226 
0.11081079369917018 0.012251498141175654 0.01880574820318104 
0.8581319599564725 0.11081079369916857 0.018805748203180372 
0.013439520122156101 0.7208644894057507 0.07671766832162913 
0.188978322150464 0.013439520122153437 0.07671766832162852 
0.7208644894057588 0.18897832215046007 0.07671766832162547 
0.07877407681846826 0.018719507665564794 0.8174647095402784 
0.08504170597569094 0.07877407681846899 0.817464709540276 
0.018719507665565183 0.08504170597569294 0.8174647095402777 
0.00783983320806736 0.10072452537868726 0.6812576973784219 
0.2101779440348201 0.007839833208073632 0.6812576973784201 
0.10072452537869253 0.2101779440348186 0.6812576973784139 
0.01499093171087651 0.40317650797844945 0.5021066311640051 
0.07972592914667026 0.014990931710877342 0.5021066311640021 
0.4031765079784467 0.07972592914666843 0.5021066311640051 
0.0698898746008777 0.4796245561760776 0.2572931400794461 
0.19319242914360374 0.06988987460089385 0.2572931400794577 
0.479624556176067 0.19319242914360318 0.25729314007945087 
0.22389067731112988 0.5613484323473148 0.18983510448306445 
0.024925785858486538 0.22389067731111612 0.18983510448306085 
0.5613484323473252 0.02492578585848848 0.18983510448305208 
0.10835290253899227 0.6291858870953864 0.17589822412857953 
0.08656298623704106 0.10835290253897534 0.17589822412859357 
0.629185887095383 0.08656298623703917 0.1758982241285948 
0.14029641595260167 0.4498492745599816 0.06810558755187401 
0.34174872193554623 0.1402964159526056 0.06810558755187401 
0.44984927455996504 0.3417487219355565 0.06810558755187646 
0.16525047454901015 0.05090872345953612 0.6068946490861316 
0.1769461529053148 0.16525047454902148 0.6068946490861199 
0.0509087234595319 0.17694615290530347 0.6068946490861407 
0.2605590256904804 0.4819852013641327 0.06519355736441268 
0.19226221558096673 0.26055902569046807 0.06519355736441451 
0.4819852013641279 0.19226221558097978 0.06519355736441634 
0.11264359775378874 0.3314084977621041 0.01348680642347938 
0.5424610980606109 0.11264359775379351 0.013486806423480657 
0.331408497762118 0.542461098060611 0.013486806423479991 
0.7059180690514004 0.2289622580755597 0.017032318729336526 
0.04808735414370191 0.7059180690513981 0.01703231872933708 
0.22896225807556708 0.04808735414368975 0.01703231872933708 
0.015882614375024806 0.06519129396751877 0.5325804036187706 
0.3863456880386884 0.01588261437502314 0.5325804036187809 
0.06519129396751477 0.3863456880386819 0.5325804036187767 
0.09155687274905339 0.6107564898848349 0.08682921283620237 
0.21085742452990952 0.09155687274905433 0.08682921283620659 
0.6107564898848318 0.21085742452991357 0.08682921283619993 
0.3766532156247407 0.08105206237388579 0.015189450866441967 
0.5271052711349293 0.37665321562473886 0.015189450866442522 
0.08105206237388418 0.5271052711349228 0.015189450866441967 
0.21542086214053863 0.6887971606348628 0.07794412055942201 
0.017837856665173235 0.21542086214054984 0.0779441205594128 
0.6887971606348671 0.01783785666517579 0.07794412055941713 
0.06700605011182947 0.4956507181859352 0.3628740442016638 
0.07446918750056553 0.06700605011183486 0.362874044201665 
0.49565071818591966 0.07446918750057785 0.3628740442016638 
0.021535566444681076 0.22214643364171582 0.7368319066698079 
0.019486093243793856 0.021535566444678023 0.7368319066698201 
0.22214643364171194 0.01948609324379491 0.7368319066698121 
0.08946628745362906 0.7831901908047055 0.1093980943900158 
0.017945427351650722 0.08946628745363572 0.1093980943900158 
0.783190190804698 0.017945427351648724 0.10939809439002124 
0.5866866785337974 0.024105965553288866 0.019204587917437344 
0.3700027679954776 0.5866866785337999 0.019204587917436122 
0.024105965553288256 0.3700027679954875 0.019204587917437954 
0.4947915054658745 0.0586261448900714 0.07977623817658064 
0.3668061114674769 0.4947915054658847 0.07977623817657759 
0.05862614489007745 0.3668061114674684 0.07977623817658064 
0.0739439684097597 0.7754467377849119 0.0608872016505132 
0.08972209215481675 0.07394396840975376 0.06088720165051381 
0.7754467377849096 0.08972209215481264 0.06088720165051931 
0.01991210660912679 0.9433792085073366 0.01608597865131489 
0.02062270623222051 0.019912106609126456 0.016085978651315558 
0.9433792085073395 0.020622706232220456 0.01608597865131367 
0.07459114246549647 0.8278778488651861 0.00411031172598636 
0.09342069694332733 0.07459114246549259 0.004110311725985749 
0.8278778488651843 0.09342069694332789 0.004110311725989468 
0.019097732714869142 0.560793513977681 0.06348929065765085 
0.35661946264979655 0.019097732714868088 0.06348929065765385 
0.5607935139776836 0.35661946264979016 0.06348929065765752 
0.6358376251855318 0.0019220234644437006 0.22608222996667665 
0.1361581213833502 0.6358376251855544 0.22608222996666227 
0.0019220234644336531 0.13615812138334793 0.22608222996666472 
0.8603078190745501 0.01720187300674919 0.021823368794838593 
0.10066693912386271 0.8603078190745507 0.021823368794837372 
0.01720187300674858 0.10066693912386399 0.021823368794837983 
0.003163465352201522 0.019416855254406007 0.09225347133747896 
0.8851662080559212 0.003163465352203243 0.09225347133747036 
0.019416855254404286 0.8851662080559267 0.09225347133747219 
0.7098479182391229 0.279251760813055 0.007826636168374423 
0.003073684779446806 0.7098479182391261 0.007826636168374423 
0.279251760813076 0.0030736847794365363 0.007826636168369538 
0.003009152671000992 0.21374974954848625 0.6883673506451033 
0.09487374713541114 0.0030091526710016026 0.688367350645104 
0.21374974954848497 0.09487374713541052 0.6883673506450954 
0.5416447947584939 0.26321406928337365 0.19400964245213964 
0.001131493505992065 0.5416447947584964 0.19400964245214047 
0.2632140692833786 0.001131493505999559 0.19400964245214025 
0.528723493573472 1.4280126583443575e-06 0.08835752618992165 
0.3829175522239499 0.5287234935734705 0.08835752618992776 
1.4280126631183165e-06 0.3829175522239537 0.0883575261899241 
0.31131774611098706 0.31131774611099466 0.06604676166701301 
0.1627284320161656 0.16272843201617387 0.5118147039514779 
0.22030718091586143 0.22030718091587204 0.339078457252562 
0.2718984091270191 0.27189840912706 0.18430477261895534 
0.0004403404439193525
0.0004403404439190608
0.00044034044391911734
0.0011541194419164846
0.0011541194419159384
0.0011541194419163326
0.0005296283626829541
0.0005296283626830266
0.0005296283626829222
0.0007633124179687117
0.0007633124179686056
0.0007633124179687575
0.0002034201072558216
0.00020342010725582336
0.00020342010725585166
0.00014356861402778503
0.0001435686140277359
0.00014356861402772757
0.00032054995312545795
0.0003205499531255287
0.0003205499531253643
0.0007320095837555587
0.0007320095837554331
0.000732009583755412
0.0001779554638439454
0.00017795546384398605
0.0001779554638438959
0.0004972651138407997
0.0004972651138410048
0.000497265113840881
0.0001704761923121783
0.00017047619231222514
0.00017047619231215107
5.094949946129211e-05
5.094949946136371e-05
5.094949946125658e-05
0.0003575111876191737
0.0003575111876192108
0.00035751118761923024
0.0006063199394917874
0.0006063199394916353
0.000606319939491531
0.0016912148002698557
0.001691214800270213
0.0016912148002698859
0.0007665117920190584
0.000766511792019115
0.0007665117920191256
0.0018270943485707396
0.0018270943485695905
0.0018270943485701738
0.000748752943390329
0.0007487529433904033
0.0007487529433902919
0.0012039315081217674
0.001203931508121596
0.0012039315081217852
0.0007018738744956024
0.0007018738744955989
0.0007018738744954981
0.0001430112964229811
0.00014301129642297386
0.00014301129642299047
0.0009771082729625373
0.000977108272962412
0.0009771082729625852
0.0020494585701856904
0.002049458570187281
0.0020494585701856904
0.0008401904995806668
0.0008401904995807656
0.0008401904995808735
0.000782684926528276
0.000782684926528308
0.0007826849265283822
0.0019096117089973915
0.0019096117089977098
0.001909611708997144
0.0005053606662589745
0.0005053606662590487
0.0005053606662590822
0.001536829401278611
0.0015368294012782766
0.0015368294012785898
0.0006784672244328734
0.0006784672244328963
0.0006784672244327726
0.0002470249070943652
0.00024702490709436694
0.0002470249070942998
0.0008649691231126833
0.000864969123112678
0.0008649691231126886
0.0013075346711991051
0.001307534671199022
0.0013075346711990858
0.0018093524420684983
0.001809352442068463
0.001809352442068569
0.0002989438206765235
0.00029894382067653235
0.0002989438206765164
0.0018892190654915505
0.0018892190654910379
0.0018892190654914447
0.0011888869781639668
0.001188886978164117
0.001188886978164018
0.0005046209614998169
0.0005046209614999017
0.0005046209614997816
0.00018853254351193562
0.0001885325435119038
0.00018853254351192147
0.0004921683513969403
0.0004921683513968801
0.0004921683513969012
0.0004510176089945955
0.000451017608994599
0.0004510176089946114
0.000420690809360328
0.00042069080936045527
0.0004206908093605136
0.000649043733846409
0.0006490437338464302
0.0006490437338465398
0.0016680098648530082
0.0016680098648534502
0.0016680098648530137
0.0010032261404444667
0.0010032261404442897
0.0010032261404442774
0.0013386099794469011
0.0013386099794468341
0.001338609979447062
0.0016371705077032526
0.001637170507703355
0.0016371705077033267
0.0011107068782118484
0.0011107068782118007
0.0011107068782117175
0.001680141518426506
0.001680141518426506
0.0016801415184265873
0.0007123210856255663
0.0007123210856256475
0.0007123210856256317
0.00048092536064853664
0.0004809253606485384
0.0004809253606485597
0.0005961391122951757
0.0005961391122951581
0.0005961391122952677
0.0013983581952559348
0.001398358195256101
0.0013983581952560127
0.0007044998612670034
0.0007044998612670193
0.0007044998612670087
0.0006305106887631443
0.0006305106887630418
0.0006305106887630913
0.0012677548100907085
0.001267754810090682
0.0012677548100908183
0.00033519883966691975
0.0003351988396668526
0.00033519883966690034
0.0005074884100748169
0.000507488410074863
0.0005074884100748169
0.0004170560045707393
0.00041705600457069865
0.00041705600457075525
0.001345468976423136
0.001345468976423032
0.0013454689764231466
0.0008216462765614094
0.0008216462765614077
0.00082164627656142
0.00011096788435523021
0.00011096788435523127
0.00011096788435521837
0.0001879125100800835
0.00018791251008007292
0.00018791251008011355
0.0007180840505148801
0.0007180840505148977
0.0007180840505149066
0.00023831202538146566
0.0002383120253812854
0.00023831202538122527
0.00026558323093247725
0.0002655832309324684
0.0002655832309324684
9.003858468155147e-05
9.00385846815536e-05
9.003858468151011e-05
8.091578025341744e-05
8.091578025341072e-05
8.091578025333841e-05
0.00029768749691803215
0.0002976874969180587
0.0002976874969181824
0.0003766593641388356
0.00037665936413884446
0.00037665936413898237
0.00025848719013854446
0.000258487190138472
0.0002584871901386187
0.001874716775199581
0.002407489553107558
0.0015684967659447423
0.0015117221757849338
