74
0.5325889236500518 0.11212438646497913 0.2362419588457611 
0.11904473103927615 0.5325889236499356 0.23624195884566074 
0.11212438646502287 0.11904473103928248 0.23624195884569876 
0.4908953467609973 0.11453798631584128 0.024954022067238235 
0.369612644856217 0.490895346760553 0.024954022067240067 
0.11453798631602441 0.36961264485614787 0.02495402206716535 
0.03070196087069632 0.12663949087887122 0.8114772294981945 
0.031181318752210863 0.03070196087074495 0.811477229497971 
0.12663949087858195 0.031181318752202092 0.8114772294984897 
0.3299841875634282 0.6202583012898869 0.03240346370091285 
0.017354047445783616 0.3299841875637115 0.03240346370092628 
0.6202583012900511 0.017354047445684362 0.03240346370091651 
0.29863508978936404 0.4534859243587894 0.1285563923599526 
0.11932259349191676 0.2986350897893352 0.12855639235976335 
0.4534859243589937 0.11932259349174151 0.12855639235995808 
0.41747625187080994 0.40437701448836855 0.16133714217116052 
0.016809591469648555 0.41747625187090803 0.16133714217108092 
0.4043770144883663 0.016809591469598928 0.1613371421710748 
0.035189582268768005 0.7805722458243886 0.033073599825543365 
0.1511645720816398 0.035189582268708386 0.033073599825577116 
0.7805722458241509 0.15116457208151762 0.033073599825572786 
0.023097258775569895 0.6339280343903573 0.17336085927365996 
0.169613847560395 0.023097258775556462 0.17336085927373157 
0.6339280343903015 0.16961384756040243 0.17336085927375855 
0.17701835101891772 0.633587565314398 0.16505305534639958 
0.024341028320273517 0.17701835101894686 0.1650530553463751 
0.6335875653142612 0.02434102832026419 0.16505305534650738 
0.3510309266619135 0.03029393775770428 0.03266058005326483 
0.5860145555272517 0.3510309266617718 0.03266058005328998 
0.030293937757721268 0.5860145555274774 0.03266058005327216 
0.32834552147384144 0.3020019073266452 0.30302612894209485 
0.06662644225740189 0.32834552147382845 0.3030261289418548 
0.3020019073267441 0.06662644225731273 0.3030261289420782 
0.01267643164855109 0.41370112844953644 0.40907522401187124 
0.16454721588991528 0.01267643164854565 0.4090752240119478 
0.4137011284494347 0.16454721589001098 0.4090752240120066 
0.3395130626211381 0.12071311163580883 0.41109265749486684 
0.12868116824813036 0.339513062620902 0.41109265749495805 
0.12071311163585552 0.12868116824819364 0.41109265749501134 
0.08302494688216788 0.1502687902517038 0.03849678186896455 
0.7282094809974273 0.08302494688196338 0.03849678186899397 
0.15026879025175532 0.728209480997069 0.03849678186899519 
0.13246701074477152 0.5159168166142745 0.1074464615850585 
0.24416971105590402 0.13246701074464196 0.10744646158515403 
0.5159168166144412 0.2441697110556646 0.107446461585192 
0.41260083617916976 0.012280428562434498 0.397904362185717 
0.1772143730727066 0.41260083617920207 0.39790436218556574 
0.012280428562444157 0.17721437307274235 0.39790436218559333 
0.8149022829405029 0.03220528641771431 0.11937679513633487 
0.03351563550541986 0.8149022829407981 0.11937679513606969 
0.032205286417728574 0.03351563550541736 0.11937679513586152 
0.02935511686041803 0.17579960724930233 0.6208415104356415 
0.17400376545457868 0.0293551168603719 0.6208415104357218 
0.17579960724921484 0.17400376545462787 0.6208415104357763 
0.5992738011392269 0.03114461249008682 0.3365975263830275 
0.03298405998767662 0.5992738011395162 0.33659752638270657 
0.031144612490078383 0.03298405998767939 0.33659752638251184 
0.035739084411541444 0.3379489198264275 0.5925328701708975 
0.0337791255911184 0.03573908441154544 0.5925328701707138 
0.3379489198260949 0.03377912559113949 0.5925328701712227 
0.18076024957022707 0.5596600888554597 0.0074387957311675135 
0.25214086584332107 0.18076024957005654 0.007438795731199321 
0.5596600888557024 0.25214086584303363 0.0074387957312146424 
0.006667080448349849 0.9467198482923567 0.008067505561904609 
0.03854556569737472 0.006667080448658935 0.008067505561779709 
0.946719848291852 0.03854556569748019 0.00806750556217406 
0.10359366024755479 0.8740251327649323 0.01855431505434557 
0.0038268919330440854 0.10359366024800282 0.018554315054337023 
0.8740251327651678 0.003826891933029375 0.01855431505435723 
0.2570719807625507 0.2570719807624278 0.22878405771246252 
0.004844889527572449 0.004844889527767293 0.9854653314167399 
0.16695976931758028 0.1669597693172063 0.4991206920481121 
0.3182062008205923 0.31820620082032386 0.04538139753862902 
0.13365994953261107 0.1336599495323923 0.5990201514025275 
0.003445098889335023
0.003445098889342076
0.0034450988893415103
0.002064660777661677
0.0020646607776622426
0.002064660777657841
0.001103390983748028
0.0011033909837487546
0.0011033909837475048
0.0010231923733075203
0.0010231923733079605
0.0010231923733042465
0.004234512641860646
0.0042345126418595145
0.004234512641858649
0.002094685984375274
0.0020946859843731175
0.0020946859843699005
0.0011641601674995906
0.0011641601675003968
0.0011641601675006052
0.0021914196944406708
0.002191419694439433
0.0021914196944390796
0.0022844507802897932
0.002284450780289192
0.0022844507802883968
0.0015229966560333147
0.0015229966560340608
0.0015229966560349056
0.004471157472950421
0.004471157472951482
0.004471157472952012
0.0018736985584844313
0.001873698558482345
0.0018736985584836
0.004682093742486139
0.004682093742490223
0.004682093742491072
0.002083913166716667
0.002083913166714157
0.002083913166715288
0.004553883199161184
0.00455388319916175
0.004553883199163377
0.001969493864818553
0.001969493864825323
0.001969493864819967
0.001191461909107789
0.0011914619091066099
0.0011914619091069776
0.0027774049091794906
0.002777404909175531
0.002777404909176185
0.0016958310152239398
0.0016958310152251207
0.001695831015224265
0.0018987030975037972
0.0018987030975030196
0.0018987030975040446
0.0013686745541350684
0.0013686745541369087
0.0013686745541372197
0.0001316831857909544
0.0001316831857919753
0.00013168318579277538
0.0002820943065259754
0.00028209430652452585
0.00028209430652411397
0.0077630869974031945
6.365271938318004e-05
0.0019591843153447734
0.004651927948037359
0.0019028288945829592
