11
0.09720464458758327 0.10660417256199362 0.6843904154530398 
0.02956949520647989 0.3292329597426468 0.3179035602133944 
0.4327102390477685 0.10384411641099289 0.3538232392092971 
0.24027666492807276 0.30444840243449695 0.1268017259153918 
0.12941137378891016 0.5380072039161858 0.3301904148374648 
0.12154199133392796 0.008991260093335729 0.30649398842969033 
0.4507658760912767 0.4329534904813557 0.05945661629943394 
0.41926631387951313 0.05334123953574521 0.04778143555908643 
0.0672232948933833 0.741228882093623 0.03518392977359863 
0.7525085070096551 0.08140491840285935 0.06809937093820645 
0.0404905067275903 0.17469405869723076 0.013560701879802628 
0.01774467235924835
0.01837237207141623
0.025829352669374413
0.032235135341605665
0.01269378587425973
0.01323778001133755
0.011578327656272563
0.009988864191093247
0.009232299811929396
0.009212228192656142
0.006541848487473329
