23
0.03883608434488445 0.024318974248142833 0.9029287990136112 
0.06476943693005299 0.2678441981835756 0.6367675085585138 
0.0647751604471054 0.023467795573054118 0.3908620506710121 
0.27790366933007776 0.06373289529499765 0.5949096890217958 
0.06609866241468065 0.08367881406005506 0.6300545551109895 
0.32511965857702535 0.32937971854919856 0.32683350461904576 
0.31919428034893105 0.3041692653497818 0.044383344357208365 
0.32838817123122155 0.03828867073824532 0.3202874336976923 
0.05509902249072579 0.35193919733470436 0.38108430890631 
0.12464996363748626 0.15210381130993061 0.20123456736442097 
0.06592492316000975 0.6243213635534298 0.25359367474320027 
0.007354523838069504 0.21129765858158633 0.2511844952775296 
0.6174557201472688 0.06319998094256973 0.25844914898392557 
0.2794200529459882 0.2558207842649862 0.269569929633272 
0.2877250948264642 0.577345781389727 0.0646206380733686 
0.5947173018757956 0.06517799276337038 0.06660329800760334 
0.06678959978173787 0.5300632754810168 0.07699271710096733 
0.6265402017088822 0.2484495401188948 0.06211553318359864 
0.06001058302026907 0.21304118323618582 0.02584268626070313 
0.275786300469851 0.05399614083591453 0.0600161491661686 
0.051325206165202863 0.8411389516623184 0.03726475213835562 
0.04057605106681794 0.008781957777518778 0.0886003504689103 
0.9037700013321819 0.02286582381402319 0.029335721083178945 
0.0011826324752765884
0.005251568313784398
0.0040385478129073855
0.008148345983740356
0.00883888731802823
0.007206549449245558
0.01118930270209283
0.009970224610238188
0.01043574588021855
0.010722336995514578
0.007265066343438192
0.003760944546357144
0.007768855687763447
0.018766567415677945
0.008989168438051994
0.008294771681919043
0.010511060314253409
0.0078580050787102
0.004250720711173732
0.006619016274847039
0.0026542465308339613
0.0017372226206159899
0.0012068794819778282
