2.678058473170258358e-01 4.021533959124549695e-01 3.203870289323362819e-01
9.653727838177528220e-03 2.678058473170444320e-01 3.203870289323185183e-01
4.021533959124906632e-01 9.653727838178027820e-03 3.203870289323025866e-01
2.673267858684248433e-01 4.774118566482273285e-01 1.627282343749269500e-01
9.253312310838834875e-02 2.673267858684130194e-01 1.627282343749533178e-01
4.774118566482481452e-01 9.253312310841926847e-02 1.627282343749324456e-01
2.557959419063510209e-01 2.084577994081089347e-01 1.133447823052513570e-02
5.244117804550295636e-01 2.557959419063434159e-01 1.133447823052757819e-02
2.084577994081172059e-01 5.244117804550042505e-01 1.133447823052391445e-02
7.313934036770874947e-02 1.543742537982787377e-01 7.047038738820692316e-01
6.778253195192751601e-02 7.313934036770675107e-02 7.047038738820790016e-01
1.543742537982603080e-01 6.778253195194394731e-02 7.047038738820758930e-01
4.765944606068972522e-02 1.511843542458213285e-02 7.509955896952646981e-02
8.621225595452038926e-01 4.765944606069022482e-02 7.509955896952402732e-02
1.511843542458296552e-02 8.621225595452007839e-01 7.509955896953202092e-02
2.352857507942242021e-01 7.426915834872500621e-01 1.167275911784948494e-02
1.034990660067452994e-02 2.352857507942326398e-01 1.167275911784332321e-02
7.426915834872550581e-01 1.034990660067147683e-02 1.167275911784637632e-02
8.829122768390262888e-03 7.185958939199277307e-02 3.631251266370967290e-01
5.561861612025288393e-01 8.829122768396424625e-03 3.631251266370918440e-01
7.185958939197889528e-02 5.561861612025371659e-01 3.631251266370948416e-01
4.848577326034464452e-02 2.738988990502546628e-01 6.053416400059431490e-01
7.227368768344183403e-02 4.848577326034453350e-02 6.053416400059548064e-01
2.738988990502446152e-01 7.227368768344588634e-02 6.053416400059596914e-01
4.510584679490589055e-01 1.367226401254345580e-02 1.029208189693131548e-02
5.249771861414732621e-01 4.510584679490487470e-01 1.029208189693375797e-02
1.367226401253990309e-02 5.249771861414798124e-01 1.029208189692942810e-02
9.407434741028231073e-03 1.856695714205305325e-01 4.987151060275060166e-01
3.062078878109089075e-01 9.407434741032338898e-03 4.987151060275298309e-01
1.856695714205283676e-01 3.062078878109276703e-01 4.987151060275145653e-01
9.097941712290835703e-03 3.718583817617082676e-01 6.057046365583625969e-01
1.333903996763996513e-02 9.097941712294277394e-03 6.057046365583638181e-01
3.718583817616999965e-01 1.333903996763935451e-02 6.057046365583735881e-01
2.904413928681653934e-02 8.848046489437266793e-03 9.372660613009614616e-01
2.484175292278012481e-02 2.904413928681209844e-02 9.372660613009553554e-01
8.848046489433103456e-03 2.484175292278439917e-02 9.372660613009614616e-01
1.488093241522558952e-02 7.706018404420293955e-01 1.457507819888409495e-01
6.876644515390217816e-02 1.488093241522525645e-02 1.457507819888464451e-01
7.706018404420206247e-01 6.876644515390439860e-02 1.457507819888494982e-01
6.882938877957200940e-02 6.667349326998024406e-01 2.320665678040363389e-01
3.236911071658254979e-02 6.882938877957367474e-02 2.320665678040362279e-01
6.667349326998177617e-01 3.236911071658499228e-02 2.320665678040404467e-01
3.430305739778290453e-01 9.109001795840521165e-02 2.354338687541655539e-01
3.304455393095924731e-01 3.430305739778087282e-01 2.354338687541693287e-01
9.109001795841742410e-02 3.304455393096084603e-01 2.354338687541547293e-01
3.828261323216449741e-01 2.255550687888374650e-01 1.264429188566545958e-02
3.789745070038532671e-01 3.828261323216364254e-01 1.264429188566607021e-02
2.255550687888249750e-01 3.789745070038492147e-01 1.264429188566790208e-02
3.337847727363080219e-01 1.752882632551263642e-01 1.536568898623200674e-01
3.372700741462637541e-01 3.337847727363110195e-01 1.536568898623004720e-01
1.752882632551174824e-01 3.372700741462385521e-01 1.536568898623004720e-01
4.236608056652553800e-01 1.602307963396432111e-02 1.897016601819961901e-01
3.706144545187750605e-01 4.236608056652499954e-01 1.897016601820099568e-01
1.602307963396243373e-02 3.706144545187708417e-01 1.897016601820002424e-01
1.286081121536543082e-01 3.023869265248392280e-01 5.069361346327148077e-01
6.206882668877972131e-02 1.286081121536503113e-01 5.069361346327252438e-01
3.023869265248424476e-01 6.206882668879443177e-02 5.069361346327276863e-01
1.371045105861806723e-02 4.518201024128161158e-01 3.540241023636946927e-01
1.804453441648665724e-01 1.371045105861928848e-02 3.540241023636805928e-01
4.518201024128216670e-01 1.804453441648687928e-01 3.540241023636928608e-01
1.095755475481483554e-01 1.277148036100672623e-02 8.630127527658928432e-01
1.464021932495157552e-02 1.095755475481464680e-01 8.630127527658989495e-01
1.277148036100689277e-02 1.464021932495429557e-02 8.630127527658989495e-01
2.982386203137260550e-01 2.418625266301133170e-02 3.282766894848563322e-01
3.492984375384280415e-01 2.982386203137135094e-01 3.282766894848434536e-01
2.418625266301677179e-02 3.492984375384168283e-01 3.282766894848336836e-01
1.725513660667975513e-01 3.430667724480709335e-01 2.910280425505992197e-01
1.933538189345394565e-01 1.725513660668474003e-01 2.910280425506466262e-01
3.430667724481032410e-01 1.933538189344859992e-01 2.910280425505915591e-01
4.522698873067332870e-01 2.198550415554834103e-02 3.656528451019290804e-01
1.600917634357734709e-01 4.522698873067707015e-01 3.656528451019033232e-01
2.198550415555333704e-02 1.600917634358058894e-01 3.656528451018905002e-01
1.955976722408661050e-01 1.610664762850610998e-02 5.048889496097581642e-01
2.834067305208562426e-01 1.955976722408698798e-01 5.048889496097686003e-01
1.610664762850644305e-02 2.834067305208526344e-01 5.048889496097623830e-01
1.721127377617093224e-01 4.738597830753176754e-01 1.624688668332663344e-01
1.915586123296906251e-01 1.721127377617218124e-01 1.624688668332859853e-01
4.738597830753304430e-01 1.915586123296987298e-01 1.624688668332694430e-01
1.132540328384623596e-02 6.081230921397939859e-01 2.960917880883973674e-01
8.445971648796141151e-02 1.132540328384967765e-02 2.960917880884005315e-01
6.081230921397875466e-01 8.445971648796279929e-02 2.960917880883999764e-01
8.364528610476096304e-02 1.727644005229242996e-01 2.836943220226696427e-01
4.598959913496590279e-01 8.364528610473309644e-02 2.836943220226788576e-01
1.727644005229200808e-01 4.598959913496500906e-01 2.836943220226701978e-01
1.468847184494370683e-01 6.499516355495522646e-01 1.829996483318729883e-02
1.848636811678141534e-01 1.468847184494265767e-01 1.829996483318729883e-02
6.499516355495721376e-01 1.848636811678034397e-01 1.829996483318729883e-02
1.651093431189698535e-02 7.415160297079644858e-01 2.282126571617313915e-01
1.376037881840713739e-02 1.651093431189826211e-02 2.282126571617404953e-01
7.415160297079682605e-01 1.376037881840430632e-02 2.282126571617322242e-01
6.425340162574124658e-01 1.494983322647013280e-01 1.777342490770338901e-01
3.023340240085370390e-02 6.425340162574235681e-01 1.777342490770399963e-01
1.494983322646932233e-01 3.023340240085148345e-02 1.777342490770399963e-01
4.935190074327638898e-02 4.869982397923461881e-01 1.497252367121580940e-01
3.139246227522203836e-01 4.935190074328538179e-02 1.497252367121568728e-01
4.869982397923310891e-01 3.139246227522261012e-01 1.497252367121617578e-01
8.624240167701036075e-02 3.288744436262875936e-01 4.323311285083786260e-01
1.525520261883117068e-01 8.624240167701158200e-02 4.323311285083859534e-01
3.288744436262736048e-01 1.525520261883389628e-01 4.323311285083767941e-01
1.356847482581940989e-02 5.596471440071776327e-01 4.090155222479929797e-01
1.776885891900947811e-02 1.356847482581979847e-02 4.090155222479971986e-01
5.596471440071772996e-01 1.776885891901008874e-02 4.090155222479942010e-01
2.898527003164146354e-01 8.514028622192754137e-02 3.891009454304700244e-01
2.359060680311887426e-01 2.898527003164425020e-01 3.891009454304510395e-01
8.514028622192726381e-02 2.359060680311901304e-01 3.891009454304602544e-01
1.948217775583717670e-01 6.324086041104886036e-01 7.976498347271088196e-02
9.300463485842225264e-02 1.948217775583614975e-01 7.976498347272803491e-02
6.324086041104943767e-01 9.300463485842680456e-02 7.976498347271154810e-02
1.958944631802114200e-01 7.168988880207330938e-01 1.586351574919220297e-02
7.134313304985884230e-02 1.958944631802095881e-01 1.586351574919586671e-02
7.168988880207374237e-01 7.134313304985379078e-02 1.586351574919153684e-02
1.225149814117787450e-02 8.581319599564699585e-01 1.880574820318225981e-02
1.108107936991701847e-01 1.225149814117565406e-02 1.880574820318103857e-02
8.581319599564725120e-01 1.108107936991685749e-01 1.880574820318037244e-02
1.343952012215610115e-02 7.208644894057506525e-01 7.671766832162912886e-02
1.889783221504640065e-01 1.343952012215343661e-02 7.671766832162851824e-02
7.208644894057587571e-01 1.889783221504600652e-01 7.671766832162546512e-02
7.877407681846826382e-02 1.871950766556479406e-02 8.174647095402783892e-01
8.504170597569093992e-02 7.877407681846898546e-02 8.174647095402759467e-01
1.871950766556518264e-02 8.504170597569293832e-02 8.174647095402777230e-01
7.839833208067359394e-03 1.007245253786872574e-01 6.812576973784219003e-01
2.101779440348200967e-01 7.839833208073632154e-03 6.812576973784201240e-01
1.007245253786925310e-01 2.101779440348185979e-01 6.812576973784139067e-01
1.499093171087650944e-02 4.031765079784494499e-01 5.021066311640051127e-01
7.972592914667026021e-02 1.499093171087734211e-02 5.021066311640021151e-01
4.031765079784466743e-01 7.972592914666842834e-02 5.021066311640051127e-01
6.988987460087769943e-02 4.796245561760775766e-01 2.572931400794460921e-01
1.931924291436037389e-01 6.988987460089385317e-02 2.572931400794576939e-01
4.796245561760669740e-01 1.931924291436031837e-01 2.572931400794508661e-01
2.238906773111298820e-01 5.613484323473147963e-01 1.898351044830644541e-01
2.492578585848653772e-02 2.238906773111161153e-01 1.898351044830608458e-01
5.613484323473252324e-01 2.492578585848848061e-02 1.898351044830520751e-01
1.083529025389922684e-01 6.291858870953863647e-01 1.758982241285795278e-01
8.656298623704106188e-02 1.083529025389753375e-01 1.758982241285935721e-01
6.291858870953830341e-01 8.656298623703917450e-02 1.758982241285947934e-01
1.402964159526016719e-01 4.498492745599815823e-01 6.810558755187401392e-02
3.417487219355462291e-01 1.402964159526056132e-01 6.810558755187401392e-02
4.498492745599650400e-01 3.417487219355564987e-01 6.810558755187645641e-02
1.652504745490101512e-01 5.090872345953612044e-02 6.068946490861315546e-01
1.769461529053147908e-01 1.652504745490214755e-01 6.068946490861198972e-01
5.090872345953190159e-02 1.769461529053034665e-01 6.068946490861406584e-01
2.605590256904803947e-01 4.819852013641326982e-01 6.519355736441267979e-02
1.922622155809667333e-01 2.605590256904680713e-01 6.519355736441451166e-02
4.819852013641279243e-01 1.922622155809797784e-01 6.519355736441634352e-02
1.126435977537887378e-01 3.314084977621041261e-01 1.348680642347938052e-02
5.424610980606109356e-01 1.126435977537935118e-01 1.348680642348065728e-02
3.314084977621180039e-01 5.424610980606110466e-01 1.348680642347999115e-02
7.059180690514004208e-01 2.289622580755596992e-01 1.703231872933652635e-02
4.808735414370191030e-02 7.059180690513980894e-01 1.703231872933708146e-02
2.289622580755670822e-01 4.808735414368975336e-02 1.703231872933708146e-02
1.588261437502480611e-02 6.519129396751877081e-02 5.325804036187705703e-01
3.863456880386884063e-01 1.588261437502314077e-02 5.325804036187808954e-01
6.519129396751477401e-02 3.863456880386819114e-01 5.325804036187766766e-01
9.155687274905338624e-02 6.107564898848348856e-01 8.682921283620237407e-02
2.108574245299095207e-01 9.155687274905432993e-02 8.682921283620659292e-02
6.107564898848317769e-01 2.108574245299135730e-01 8.682921283619993158e-02
3.766532156247406893e-01 8.105206237388579149e-02 1.518945086644196696e-02
5.271052711349293318e-01 3.766532156247388574e-01 1.518945086644252207e-02
8.105206237388418167e-02 5.271052711349227815e-01 1.518945086644196696e-02
2.154208621405386270e-01 6.887971606348628484e-01 7.794412055942201434e-02
1.783785666517323509e-02 2.154208621405498403e-01 7.794412055941279949e-02
6.887971606348670672e-01 1.783785666517578861e-02 7.794412055941712936e-02
6.700605011182947379e-02 4.956507181859352018e-01 3.628740442016638035e-01
7.446918750056552572e-02 6.700605011183485837e-02 3.628740442016650247e-01
4.956507181859196587e-01 7.446918750057784919e-02 3.628740442016638035e-01
2.153556644468107573e-02 2.221464336417158236e-01 7.368319066698079123e-01
1.948609324379385610e-02 2.153556644467802261e-02 7.368319066698201247e-01
2.221464336417119378e-01 1.948609324379491081e-02 7.368319066698121311e-01
8.946628745362905644e-02 7.831901908047055327e-01 1.093980943900157987e-01
1.794542735165072234e-02 8.946628745363571777e-02 1.093980943900157987e-01
7.831901908046979832e-01 1.794542735164872393e-02 1.093980943900212388e-01
5.866866785337974122e-01 2.410596555328886614e-02 1.920458791743734350e-02
3.700027679954775994e-01 5.866866785337998547e-01 1.920458791743612226e-02
2.410596555328825552e-02 3.700027679954874804e-01 1.920458791743795413e-02
4.947915054658745260e-01 5.862614489007139662e-02 7.977623817658063832e-02
3.668061114674768808e-01 4.947915054658846845e-01 7.977623817657758520e-02
5.862614489007744734e-02 3.668061114674683876e-01 7.977623817658063832e-02
7.394396840975969720e-02 7.754467377849119103e-01 6.088720165051320077e-02
8.972209215481674605e-02 7.394396840975375751e-02 6.088720165051381139e-02
7.754467377849095788e-01 8.972209215481263822e-02 6.088720165051930699e-02
1.991210660912678954e-02 9.433792085073365863e-01 1.608597865131489169e-02
2.062270623222051125e-02 1.991210660912645647e-02 1.608597865131555782e-02
9.433792085073394729e-01 2.062270623222045574e-02 1.608597865131367044e-02
7.459114246549647387e-02 8.278778488651861167e-01 4.110311725986359743e-03
9.342069694332733043e-02 7.459114246549258809e-02 4.110311725985749121e-03
8.278778488651843404e-01 9.342069694332788554e-02 4.110311725989468368e-03
1.909773271486914226e-02 5.607935139776809574e-01 6.348929065765085422e-02
3.566194626497965481e-01 1.909773271486808754e-02 6.348929065765385182e-02
5.607935139776836220e-01 3.566194626497901643e-01 6.348929065765751556e-02
6.358376251855317740e-01 1.922023464443700647e-03 2.260822299666766511e-01
1.361581213833502058e-01 6.358376251855544226e-01 2.260822299666622737e-01
1.922023464433653128e-03 1.361581213833479298e-01 2.260822299666647162e-01
8.603078190745501175e-01 1.720187300674919095e-02 2.182336879483859349e-02
1.006669391238627087e-01 8.603078190745506726e-01 2.182336879483737224e-02
1.720187300674858033e-02 1.006669391238639855e-01 2.182336879483798286e-02
3.163465352201522141e-03 1.941685525440600690e-02 9.225347133747896500e-02
8.851662080559211665e-01 3.163465352203242986e-03 9.225347133747036077e-02
1.941685525440428606e-02 8.851662080559267176e-01 9.225347133747219264e-02
7.098479182391228548e-01 2.792517608130550277e-01 7.826636168374423441e-03
3.073684779446805848e-03 7.098479182391260744e-01 7.826636168374423441e-03
2.792517608130760109e-01 3.073684779436536285e-03 7.826636168369538460e-03
3.009152671000991930e-03 2.137497495484862453e-01 6.883673506451033486e-01
9.487374713541113502e-02 3.009152671001602553e-03 6.883673506451040147e-01
2.137497495484849686e-01 9.487374713541052440e-02 6.883673506450953550e-01
5.416447947584939193e-01 2.632140692833736528e-01 1.940096424521396412e-01
1.131493505992064996e-03 5.416447947584963618e-01 1.940096424521404739e-01
2.632140692833785933e-01 1.131493505999559002e-03 1.940096424521402518e-01
5.287234935734720365e-01 1.428012658344357533e-06 8.835752618992165353e-02
3.829175522239499085e-01 5.287234935734704822e-01 8.835752618992775975e-02
1.428012663118316539e-06 3.829175522239536833e-01 8.835752618992409602e-02
3.113177461109870592e-01 3.113177461109946642e-01 6.604676166701300977e-02
1.627284320161656028e-01 1.627284320161738740e-01 5.118147039514778784e-01
2.203071809158614336e-01 2.203071809158720362e-01 3.390784572525620266e-01
2.718984091270191250e-01 2.718984091270599812e-01 1.843047726189553370e-01
