4.403404439193525058e-04
4.403404439190608012e-04
4.403404439191173424e-04
1.154119441916484634e-03
1.154119441915938413e-03
1.154119441916332629e-03
5.296283626829540684e-04
5.296283626830266015e-04
5.296283626829221929e-04
7.633124179687116560e-04
7.633124179686056211e-04
7.633124179687575178e-04
2.034201072558216021e-04
2.034201072558233640e-04
2.034201072558516617e-04
1.435686140277850299e-04
1.435686140277358885e-04
1.435686140277275672e-04
3.205499531254579499e-04
3.205499531255286941e-04
3.205499531253642748e-04
7.320095837555586939e-04
7.320095837554331433e-04
7.320095837554120013e-04
1.779554638439453896e-04
1.779554638439860472e-04
1.779554638438958958e-04
4.972651138407997327e-04
4.972651138410047553e-04
4.972651138408810479e-04
1.704761923121783066e-04
1.704761923122251441e-04
1.704761923121510660e-04
5.094949946129211148e-05
5.094949946136370948e-05
5.094949946125657675e-05
3.575111876191736961e-04
3.575111876192107758e-04
3.575111876192302372e-04
6.063199394917874463e-04
6.063199394916353327e-04
6.063199394915310325e-04
1.691214800269855720e-03
1.691214800270213073e-03
1.691214800269885861e-03
7.665117920190584041e-04
7.665117920191149995e-04
7.665117920191256247e-04
1.827094348570739574e-03
1.827094348569590536e-03
1.827094348570173837e-03
7.487529433903289530e-04
7.487529433904033293e-04
7.487529433902918733e-04
1.203931508121767417e-03
1.203931508121595896e-03
1.203931508121785197e-03
7.018738744956024445e-04
7.018738744955988667e-04
7.018738744954981443e-04
1.430112964229810944e-04
1.430112964229738573e-04
1.430112964229904727e-04
9.771082729625373085e-04
9.771082729624119747e-04
9.771082729625852302e-04
2.049458570185690425e-03
2.049458570187281167e-03
2.049458570185690425e-03
8.401904995806667564e-04
8.401904995807656356e-04
8.401904995808735137e-04
7.826849265282760475e-04
7.826849265283080314e-04
7.826849265283821909e-04
1.909611708997391473e-03
1.909611708997709795e-03
1.909611708997144058e-03
5.053606662589744773e-04
5.053606662590487452e-04
5.053606662590822470e-04
1.536829401278611007e-03
1.536829401278276639e-03
1.536829401278589757e-03
6.784672244328734166e-04
6.784672244328962933e-04
6.784672244327725858e-04
2.470249070943652094e-04
2.470249070943669441e-04
2.470249070942997778e-04
8.649691231126832884e-04
8.649691231126779758e-04
8.649691231126886010e-04
1.307534671199105146e-03
1.307534671199022096e-03
1.307534671199085848e-03
1.809352442068498310e-03
1.809352442068462965e-03
1.809352442068568999e-03
2.989438206765235111e-04
2.989438206765323474e-04
2.989438206765164096e-04
1.889219065491550475e-03
1.889219065491037864e-03
1.889219065491444657e-03
1.188886978163966818e-03
1.188886978164117088e-03
1.188886978164017992e-03
5.046209614998169429e-04
5.046209614999017275e-04
5.046209614997815979e-04
1.885325435119356160e-04
1.885325435119037947e-04
1.885325435119214672e-04
4.921683513969402676e-04
4.921683513968800943e-04
4.921683513969012363e-04
4.510176089945954836e-04
4.510176089945990073e-04
4.510176089946114214e-04
4.206908093603279838e-04
4.206908093604552691e-04
4.206908093605135992e-04
6.490437338464089597e-04
6.490437338464302101e-04
6.490437338465398229e-04
1.668009864853008247e-03
1.668009864853450168e-03
1.668009864853013668e-03
1.003226140444466678e-03
1.003226140444289736e-03
1.003226140444277376e-03
1.338609979446901124e-03
1.338609979446834120e-03
1.338609979447062020e-03
1.637170507703252561e-03
1.637170507703354910e-03
1.637170507703326720e-03
1.110706878211848445e-03
1.110706878211800740e-03
1.110706878211717473e-03
1.680141518426505947e-03
1.680141518426505947e-03
1.680141518426587263e-03
7.123210856255663423e-04
7.123210856256475491e-04
7.123210856256317197e-04
4.809253606485366364e-04
4.809253606485384253e-04
4.809253606485596757e-04
5.961391122951757411e-04
5.961391122951580687e-04
5.961391122952676815e-04
1.398358195255934838e-03
1.398358195256100937e-03
1.398358195256012683e-03
7.044998612670033862e-04
7.044998612670193240e-04
7.044998612670086988e-04
6.305106887631443165e-04
6.305106887630417510e-04
6.305106887630912990e-04
1.267754810090708549e-03
1.267754810090682095e-03
1.267754810090818271e-03
3.351988396669197462e-04
3.351988396668525798e-04
3.351988396669003389e-04
5.074884100748169348e-04
5.074884100748630134e-04
5.074884100748169348e-04
4.170560045707393079e-04
4.170560045706986504e-04
4.170560045707552457e-04
1.345468976423135976e-03
1.345468976423031893e-03
1.345468976423146602e-03
8.216462765614093939e-04
8.216462765614076591e-04
8.216462765614200190e-04
1.109678843552302103e-04
1.109678843552312674e-04
1.109678843552183654e-04
1.879125100800834900e-04
1.879125100800729190e-04
1.879125100801135495e-04
7.180840505148800576e-04
7.180840505148977301e-04
7.180840505149066206e-04
2.383120253814656649e-04
2.383120253812853891e-04
2.383120253812252701e-04
2.655832309324772508e-04
2.655832309324684145e-04
2.655832309324684145e-04
9.003858468155147299e-05
9.003858468155360073e-05
9.003858468151011067e-05
8.091578025341743881e-05
8.091578025341071676e-05
8.091578025333841402e-05
2.976874969180321514e-04
2.976874969180587143e-04
2.976874969181824218e-04
3.766593641388356209e-04
3.766593641388444572e-04
3.766593641389823677e-04
2.584871901385444562e-04
2.584871901384719773e-04
2.584871901386187241e-04
1.874716775199580972e-03
2.407489553107558088e-03
1.568496765944742263e-03
1.511722175784933767e-03
